-0.085 1
-0.0849 1.00417
-0.0848 1.00834
-0.0847 1.01251
-0.0846 1.01668
-0.0845 1.02086
-0.0844 1.02503
-0.0843 1.02921
-0.0842 1.03339
-0.0841 1.03758
-0.084 1.04176
-0.0839 1.04595
-0.0838 1.05013
-0.0837 1.05432
-0.0836 1.05851
-0.0835 1.06271
-0.0834 1.0669
-0.0833 1.0711
-0.0832 1.07529
-0.0831 1.07949
-0.083 1.08369
-0.0829 1.0879
-0.0828 1.0921
-0.0827 1.09631
-0.0826 1.10051
-0.0825 1.10472
-0.0824 1.10893
-0.0823 1.11314
-0.0822 1.11736
-0.0821 1.12157
-0.082 1.12579
-0.0819 1.13
-0.0818 1.13422
-0.0817 1.13844
-0.0816 1.14266
-0.0815 1.14688
-0.0814 1.15111
-0.0813 1.15533
-0.0812 1.15956
-0.0811 1.16379
-0.081 1.16802
-0.0809 1.17225
-0.0808 1.17648
-0.0807 1.18071
-0.0806 1.18495
-0.0805 1.18918
-0.0804 1.19342
-0.0803 1.19765
-0.0802 1.20189
-0.0801 1.20613
-0.08 1.21037
-0.0799 1.21461
-0.0798 1.21886
-0.0797 1.2231
-0.0796 1.22734
-0.0795 1.23159
-0.0794 1.23584
-0.0793 1.24008
-0.0792 1.24433
-0.0791 1.24858
-0.079 1.25283
-0.0789 1.25708
-0.0788 1.26133
-0.0787 1.26559
-0.0786 1.26984
-0.0785 1.2741
-0.0784 1.27835
-0.0783 1.28261
-0.0782 1.28686
-0.0781 1.29112
-0.078 1.29538
-0.0779 1.29964
-0.0778 1.3039
-0.0777 1.30816
-0.0776 1.31242
-0.0775 1.31668
-0.0774 1.32094
-0.0773 1.32521
-0.0772 1.32947
-0.0771 1.33373
-0.077 1.338
-0.0769 1.34226
-0.0768 1.34653
-0.0767 1.35079
-0.0766 1.35506
-0.0765 1.35933
-0.0764 1.36359
-0.0763 1.36786
-0.0762 1.37213
-0.0761 1.3764
-0.076 1.38067
-0.0759 1.38494
-0.0758 1.38921
-0.0757 1.39348
-0.0756 1.39775
-0.0755 1.40202
-0.0754 1.40629
-0.0753 1.41056
-0.0752 1.41483
-0.0751 1.4191
-0.075 1.42337
-0.0749 1.42764
-0.0748 1.43191
-0.0747 1.43619
-0.0746 1.44046
-0.0745 1.44473
-0.0744 1.449
-0.0743 1.45327
-0.0742 1.45755
-0.0741 1.46182
-0.074 1.46609
-0.0739 1.47036
-0.0738 1.47464
-0.0737 1.47891
-0.0736 1.48318
-0.0735 1.48745
-0.0734 1.49172
-0.0733 1.496
-0.0732 1.50027
-0.0731 1.50454
-0.073 1.50881
-0.0729 1.51308
-0.0728 1.51735
-0.0727 1.52162
-0.0726 1.52589
-0.0725 1.53016
-0.0724 1.53443
-0.0723 1.5387
-0.0722 1.54297
-0.0721 1.54724
-0.072 1.55151
-0.0719 1.55578
-0.0718 1.56004
-0.0717 1.56431
-0.0716 1.56858
-0.0715 1.57284
-0.0714 1.57711
-0.0713 1.58137
-0.0712 1.58564
-0.0711 1.5899
-0.071 1.59417
-0.0709 1.59843
-0.0708 1.60269
-0.0707 1.60695
-0.0706 1.61122
-0.0705 1.61548
-0.0704 1.61974
-0.0703 1.624
-0.0702 1.62825
-0.0701 1.63251
-0.07 1.63677
-0.0699 1.64103
-0.0698 1.64528
-0.0697 1.64954
-0.0696 1.65379
-0.0695 1.65804
-0.0694 1.6623
-0.0693 1.66655
-0.0692 1.6708
-0.0691 1.67505
-0.069 1.6793
-0.0689 1.68355
-0.0688 1.68779
-0.0687 1.69204
-0.0686 1.69628
-0.0685 1.70053
-0.0684 1.70477
-0.0683 1.70901
-0.0682 1.71325
-0.0681 1.71749
-0.068 1.72173
-0.0679 1.72597
-0.0678 1.73021
-0.0677 1.73444
-0.0676 1.73867
-0.0675 1.74291
-0.0674 1.74714
-0.0673 1.75137
-0.0672 1.7556
-0.0671 1.75983
-0.067 1.76405
-0.0669 1.76828
-0.0668 1.7725
-0.0667 1.77673
-0.0666 1.78095
-0.0665 1.78517
-0.0664 1.78939
-0.0663 1.7936
-0.0662 1.79782
-0.0661 1.80203
-0.066 1.80625
-0.0659 1.81046
-0.0658 1.81467
-0.0657 1.81888
-0.0656 1.82308
-0.0655 1.82729
-0.0654 1.83149
-0.0653 1.83569
-0.0652 1.83989
-0.0651 1.84409
-0.065 1.84829
-0.0649 1.85249
-0.0648 1.85668
-0.0647 1.86087
-0.0646 1.86506
-0.0645 1.86925
-0.0644 1.87344
-0.0643 1.87762
-0.0642 1.88181
-0.0641 1.88599
-0.064 1.89017
-0.0639 1.89434
-0.0638 1.89852
-0.0637 1.90269
-0.0636 1.90687
-0.0635 1.91104
-0.0634 1.9152
-0.0633 1.91937
-0.0632 1.92354
-0.0631 1.9277
-0.063 1.93186
-0.0629 1.93602
-0.0628 1.94017
-0.0627 1.94433
-0.0626 1.94848
-0.0625 1.95263
-0.0624 1.95678
-0.0623 1.96092
-0.0622 1.96507
-0.0621 1.96921
-0.062 1.97335
-0.0619 1.97748
-0.0618 1.98162
-0.0617 1.98575
-0.0616 1.98988
-0.0615 1.99401
-0.0614 1.99813
-0.0613 2.00226
-0.0612 2.00638
-0.0611 2.0105
-0.061 2.01461
-0.0609 2.01873
-0.0608 2.02284
-0.0607 2.02695
-0.0606 2.03105
-0.0605 2.03516
-0.0604 2.03926
-0.0603 2.04336
-0.0602 2.04745
-0.0601 2.05155
-0.06 2.05564
-0.0599 2.05973
-0.0598 2.06381
-0.0597 2.06789
-0.0596 2.07198
-0.0595 2.07605
-0.0594 2.08013
-0.0593 2.0842
-0.0592 2.08827
-0.0591 2.09234
-0.059 2.0964
-0.0589 2.10047
-0.0588 2.10452
-0.0587 2.10858
-0.0586 2.11263
-0.0585 2.11668
-0.0584 2.12073
-0.0583 2.12478
-0.0582 2.12882
-0.0581 2.13286
-0.058 2.13689
-0.0579 2.14093
-0.0578 2.14496
-0.0577 2.14898
-0.0576 2.15301
-0.0575 2.15703
-0.0574 2.16105
-0.0573 2.16506
-0.0572 2.16908
-0.0571 2.17308
-0.057 2.17709
-0.0569 2.18109
-0.0568 2.18509
-0.0567 2.18909
-0.0566 2.19308
-0.0565 2.19707
-0.0564 2.20106
-0.0563 2.20504
-0.0562 2.20902
-0.0561 2.213
-0.056 2.21697
-0.0559 2.22094
-0.0558 2.22491
-0.0557 2.22887
-0.0556 2.23284
-0.0555 2.23679
-0.0554 2.24075
-0.0553 2.2447
-0.0552 2.24864
-0.0551 2.25259
-0.055 2.25653
-0.0549 2.26046
-0.0548 2.2644
-0.0547 2.26833
-0.0546 2.27225
-0.0545 2.27617
-0.0544 2.28009
-0.0543 2.28401
-0.0542 2.28792
-0.0541 2.29183
-0.054 2.29573
-0.0539 2.29963
-0.0538 2.30353
-0.0537 2.30742
-0.0536 2.31131
-0.0535 2.3152
-0.0534 2.31908
-0.0533 2.32296
-0.0532 2.32683
-0.0531 2.3307
-0.053 2.33457
-0.0529 2.33843
-0.0528 2.34229
-0.0527 2.34615
-0.0526 2.35
-0.0525 2.35385
-0.0524 2.35769
-0.0523 2.36153
-0.0522 2.36537
-0.0521 2.3692
-0.052 2.37303
-0.0519 2.37685
-0.0518 2.38067
-0.0517 2.38448
-0.0516 2.3883
-0.0515 2.3921
-0.0514 2.39591
-0.0513 2.39971
-0.0512 2.4035
-0.0511 2.40729
-0.051 2.41108
-0.0509 2.41486
-0.0508 2.41864
-0.0507 2.42242
-0.0506 2.42619
-0.0505 2.42995
-0.0504 2.43371
-0.0503 2.43747
-0.0502 2.44122
-0.0501 2.44497
-0.05 2.44872
-0.0499 2.45246
-0.0498 2.45619
-0.0497 2.45992
-0.0496 2.46365
-0.0495 2.46737
-0.0494 2.47109
-0.0493 2.47481
-0.0492 2.47851
-0.0491 2.48222
-0.049 2.48592
-0.0489 2.48962
-0.0488 2.49331
-0.0487 2.49699
-0.0486 2.50067
-0.0485 2.50435
-0.0484 2.50802
-0.0483 2.51169
-0.0482 2.51536
-0.0481 2.51902
-0.048 2.52267
-0.0479 2.52632
-0.0478 2.52996
-0.0477 2.5336
-0.0476 2.53724
-0.0475 2.54087
-0.0474 2.5445
-0.0473 2.54812
-0.0472 2.55173
-0.0471 2.55534
-0.047 2.55895
-0.0469 2.56255
-0.0468 2.56615
-0.0467 2.56974
-0.0466 2.57333
-0.0465 2.57691
-0.0464 2.58049
-0.0463 2.58406
-0.0462 2.58763
-0.0461 2.59119
-0.046 2.59475
-0.0459 2.5983
-0.0458 2.60185
-0.0457 2.60539
-0.0456 2.60893
-0.0455 2.61246
-0.0454 2.61599
-0.0453 2.61951
-0.0452 2.62303
-0.0451 2.62654
-0.045 2.63004
-0.0449 2.63354
-0.0448 2.63704
-0.0447 2.64053
-0.0446 2.64402
-0.0445 2.6475
-0.0444 2.65097
-0.0443 2.65444
-0.0442 2.65791
-0.0441 2.66137
-0.044 2.66482
-0.0439 2.66827
-0.0438 2.67171
-0.0437 2.67515
-0.0436 2.67858
-0.0435 2.68201
-0.0434 2.68543
-0.0433 2.68885
-0.0432 2.69226
-0.0431 2.69566
-0.043 2.69906
-0.0429 2.70246
-0.0428 2.70585
-0.0427 2.70923
-0.0426 2.71261
-0.0425 2.71598
-0.0424 2.71935
-0.0423 2.72271
-0.0422 2.72607
-0.0421 2.72941
-0.042 2.73276
-0.0419 2.7361
-0.0418 2.73943
-0.0417 2.74276
-0.0416 2.74608
-0.0415 2.7494
-0.0414 2.75271
-0.0413 2.75601
-0.0412 2.75931
-0.0411 2.7626
-0.041 2.76589
-0.0409 2.76917
-0.0408 2.77245
-0.0407 2.77572
-0.0406 2.77898
-0.0405 2.78224
-0.0404 2.78549
-0.0403 2.78874
-0.0402 2.79198
-0.0401 2.79521
-0.04 2.79844
-0.0399 2.80166
-0.0398 2.80488
-0.0397 2.80809
-0.0396 2.81129
-0.0395 2.81449
-0.0394 2.81768
-0.0393 2.82087
-0.0392 2.82405
-0.0391 2.82723
-0.039 2.83039
-0.0389 2.83356
-0.0388 2.83671
-0.0387 2.83986
-0.0386 2.84301
-0.0385 2.84614
-0.0384 2.84928
-0.0383 2.8524
-0.0382 2.85552
-0.0381 2.85863
-0.038 2.86174
-0.0379 2.86484
-0.0378 2.86793
-0.0377 2.87102
-0.0376 2.8741
-0.0375 2.87718
-0.0374 2.88025
-0.0373 2.88331
-0.0372 2.88637
-0.0371 2.88942
-0.037 2.89246
-0.0369 2.8955
-0.0368 2.89853
-0.0367 2.90155
-0.0366 2.90457
-0.0365 2.90758
-0.0364 2.91059
-0.0363 2.91359
-0.0362 2.91658
-0.0361 2.91956
-0.036 2.92254
-0.0359 2.92552
-0.0358 2.92848
-0.0357 2.93144
-0.0356 2.93439
-0.0355 2.93734
-0.0354 2.94028
-0.0353 2.94321
-0.0352 2.94614
-0.0351 2.94906
-0.035 2.95197
-0.0349 2.95488
-0.0348 2.95778
-0.0347 2.96067
-0.0346 2.96356
-0.0345 2.96644
-0.0344 2.96931
-0.0343 2.97218
-0.0342 2.97504
-0.0341 2.97789
-0.034 2.98074
-0.0339 2.98358
-0.0338 2.98641
-0.0337 2.98923
-0.0336 2.99205
-0.0335 2.99487
-0.0334 2.99767
-0.0333 3.00047
-0.0332 3.00326
-0.0331 3.00604
-0.033 3.00882
-0.0329 3.01159
-0.0328 3.01436
-0.0327 3.01711
-0.0326 3.01986
-0.0325 3.02261
-0.0324 3.02534
-0.0323 3.02807
-0.0322 3.03079
-0.0321 3.03351
-0.032 3.03621
-0.0319 3.03891
-0.0318 3.04161
-0.0317 3.04429
-0.0316 3.04697
-0.0315 3.04965
-0.0314 3.05231
-0.0313 3.05497
-0.0312 3.05762
-0.0311 3.06026
-0.031 3.0629
-0.0309 3.06553
-0.0308 3.06815
-0.0307 3.07077
-0.0306 3.07338
-0.0305 3.07598
-0.0304 3.07857
-0.0303 3.08116
-0.0302 3.08373
-0.0301 3.08631
-0.03 3.08887
-0.0299 3.09143
-0.0298 3.09398
-0.0297 3.09652
-0.0296 3.09905
-0.0295 3.10158
-0.0294 3.1041
-0.0293 3.10662
-0.0292 3.10912
-0.0291 3.11162
-0.029 3.11411
-0.0289 3.11659
-0.0288 3.11907
-0.0287 3.12154
-0.0286 3.124
-0.0285 3.12645
-0.0284 3.1289
-0.0283 3.13134
-0.0282 3.13377
-0.0281 3.13619
-0.028 3.13861
-0.0279 3.14102
-0.0278 3.14342
-0.0277 3.14581
-0.0276 3.1482
-0.0275 3.15058
-0.0274 3.15295
-0.0273 3.15531
-0.0272 3.15766
-0.0271 3.16001
-0.027 3.16235
-0.0269 3.16469
-0.0268 3.16701
-0.0267 3.16933
-0.0266 3.17164
-0.0265 3.17394
-0.0264 3.17623
-0.0263 3.17852
-0.0262 3.1808
-0.0261 3.18307
-0.026 3.18533
-0.0259 3.18759
-0.0258 3.18984
-0.0257 3.19208
-0.0256 3.19431
-0.0255 3.19653
-0.0254 3.19875
-0.0253 3.20096
-0.0252 3.20316
-0.0251 3.20535
-0.025 3.20754
-0.0249 3.20972
-0.0248 3.21189
-0.0247 3.21405
-0.0246 3.2162
-0.0245 3.21835
-0.0244 3.22049
-0.0243 3.22262
-0.0242 3.22474
-0.0241 3.22685
-0.024 3.22896
-0.0239 3.23106
-0.0238 3.23315
-0.0237 3.23523
-0.0236 3.23731
-0.0235 3.23937
-0.0234 3.24143
-0.0233 3.24348
-0.0232 3.24552
-0.0231 3.24756
-0.023 3.24959
-0.0229 3.2516
-0.0228 3.25361
-0.0227 3.25562
-0.0226 3.25761
-0.0225 3.2596
-0.0224 3.26158
-0.0223 3.26355
-0.0222 3.26551
-0.0221 3.26746
-0.022 3.26941
-0.0219 3.27134
-0.0218 3.27327
-0.0217 3.27519
-0.0216 3.27711
-0.0215 3.27901
-0.0214 3.28091
-0.0213 3.2828
-0.0212 3.28468
-0.0211 3.28655
-0.021 3.28841
-0.0209 3.29027
-0.0208 3.29212
-0.0207 3.29395
-0.0206 3.29578
-0.0205 3.29761
-0.0204 3.29942
-0.0203 3.30123
-0.0202 3.30302
-0.0201 3.30481
-0.02 3.3066
-0.0199 3.30837
-0.0198 3.31013
-0.0197 3.31189
-0.0196 3.31364
-0.0195 3.31538
-0.0194 3.31711
-0.0193 3.31883
-0.0192 3.32054
-0.0191 3.32225
-0.019 3.32395
-0.0189 3.32564
-0.0188 3.32732
-0.0187 3.32899
-0.0186 3.33065
-0.0185 3.33231
-0.0184 3.33395
-0.0183 3.33559
-0.0182 3.33722
-0.0181 3.33884
-0.018 3.34046
-0.0179 3.34206
-0.0178 3.34366
-0.0177 3.34525
-0.0176 3.34682
-0.0175 3.3484
-0.0174 3.34996
-0.0173 3.35151
-0.0172 3.35306
-0.0171 3.35459
-0.017 3.35612
-0.0169 3.35764
-0.0168 3.35915
-0.0167 3.36065
-0.0166 3.36215
-0.0165 3.36363
-0.0164 3.36511
-0.0163 3.36658
-0.0162 3.36804
-0.0161 3.36949
-0.016 3.37093
-0.0159 3.37236
-0.0158 3.37379
-0.0157 3.3752
-0.0156 3.37661
-0.0155 3.37801
-0.0154 3.3794
-0.0153 3.38078
-0.0152 3.38215
-0.0151 3.38352
-0.015 3.38487
-0.0149 3.38622
-0.0148 3.38756
-0.0147 3.38889
-0.0146 3.39021
-0.0145 3.39152
-0.0144 3.39283
-0.0143 3.39412
-0.0142 3.39541
-0.0141 3.39668
-0.014 3.39795
-0.0139 3.39921
-0.0138 3.40046
-0.0137 3.40171
-0.0136 3.40294
-0.0135 3.40416
-0.0134 3.40538
-0.0133 3.40659
-0.0132 3.40778
-0.0131 3.40897
-0.013 3.41015
-0.0129 3.41133
-0.0128 3.41249
-0.0127 3.41364
-0.0126 3.41479
-0.0125 3.41593
-0.0124 3.41705
-0.0123 3.41817
-0.0122 3.41928
-0.0121 3.42038
-0.012 3.42148
-0.0119 3.42256
-0.0118 3.42364
-0.0117 3.4247
-0.0116 3.42576
-0.0115 3.42681
-0.0114 3.42785
-0.0113 3.42888
-0.0112 3.4299
-0.0111 3.43091
-0.011 3.43191
-0.0109 3.43291
-0.0108 3.43389
-0.0107 3.43487
-0.0106 3.43584
-0.0105 3.4368
-0.0104 3.43775
-0.0103 3.43869
-0.0102 3.43962
-0.0101 3.44054
-0.01 3.44146
-0.0099 3.44236
-0.0098 3.44326
-0.0097 3.44415
-0.0096 3.44503
-0.0095 3.4459
-0.0094 3.44676
-0.0093 3.44761
-0.0092 3.44845
-0.0091 3.44928
-0.009 3.45011
-0.0089 3.45092
-0.0088 3.45173
-0.0087 3.45253
-0.0086 3.45332
-0.0085 3.4541
-0.0084 3.45487
-0.0083 3.45563
-0.0082 3.45638
-0.0081 3.45712
-0.008 3.45786
-0.0079 3.45858
-0.0078 3.4593
-0.0077 3.46001
-0.0076 3.46071
-0.0075 3.46139
-0.0074 3.46207
-0.0073 3.46275
-0.0072 3.46341
-0.0071 3.46406
-0.007 3.46471
-0.0069 3.46534
-0.0068 3.46597
-0.0067 3.46658
-0.0066 3.46719
-0.0065 3.46779
-0.0064 3.46838
-0.0063 3.46896
-0.0062 3.46953
-0.0061 3.47009
-0.006 3.47065
-0.0059 3.47119
-0.0058 3.47173
-0.0057 3.47225
-0.0056 3.47277
-0.0055 3.47328
-0.0054 3.47377
-0.0053 3.47426
-0.0052 3.47474
-0.0051 3.47522
-0.005 3.47568
-0.0049 3.47613
-0.0048 3.47657
-0.0047 3.47701
-0.0046 3.47743
-0.0045 3.47785
-0.0044 3.47826
-0.0043 3.47866
-0.0042 3.47905
-0.0041 3.47943
-0.004 3.4798
-0.0039 3.48016
-0.0038 3.48051
-0.0037 3.48086
-0.0036 3.48119
-0.0035 3.48151
-0.0034 3.48183
-0.0033 3.48214
-0.0032 3.48244
-0.0031 3.48272
-0.003 3.483
-0.0029 3.48327
-0.0028 3.48354
-0.0027 3.48379
-0.0026 3.48403
-0.0025 3.48426
-0.0024 3.48449
-0.0023 3.4847
-0.0022 3.48491
-0.0021 3.48511
-0.002 3.4853
-0.0019 3.48547
-0.0018 3.48564
-0.0017 3.4858
-0.0016 3.48596
-0.0015 3.4861
-0.0014 3.48623
-0.0013 3.48635
-0.0012 3.48647
-0.0011 3.48657
-0.001 3.48667
-0.0009 3.48676
-0.0008 3.48684
-0.0007 3.4869
-0.0006 3.48696
-0.0005 3.48701
-0.0004 3.48706
-0.0003 3.48709
-0.0002 3.48711
-0.0001 3.48712
1.39794e-15 3.48713
0.0001 3.48712
0.0002 3.48711
0.0003 3.48709
0.0004 3.48706
0.0005 3.48701
0.0006 3.48696
0.0007 3.4869
0.0008 3.48684
0.0009 3.48676
0.001 3.48667
0.0011 3.48657
0.0012 3.48647
0.0013 3.48635
0.0014 3.48623
0.0015 3.4861
0.0016 3.48596
0.0017 3.4858
0.0018 3.48564
0.0019 3.48547
0.002 3.4853
0.0021 3.48511
0.0022 3.48491
0.0023 3.4847
0.0024 3.48449
0.0025 3.48426
0.0026 3.48403
0.0027 3.48379
0.0028 3.48354
0.0029 3.48327
0.003 3.483
0.0031 3.48272
0.0032 3.48244
0.0033 3.48214
0.0034 3.48183
0.0035 3.48151
0.0036 3.48119
0.0037 3.48086
0.0038 3.48051
0.0039 3.48016
0.004 3.4798
0.0041 3.47943
0.0042 3.47905
0.0043 3.47866
0.0044 3.47826
0.0045 3.47785
0.0046 3.47743
0.0047 3.47701
0.0048 3.47657
0.0049 3.47613
0.005 3.47568
0.0051 3.47522
0.0052 3.47474
0.0053 3.47426
0.0054 3.47377
0.0055 3.47328
0.0056 3.47277
0.0057 3.47225
0.0058 3.47173
0.0059 3.47119
0.006 3.47065
0.0061 3.47009
0.0062 3.46953
0.0063 3.46896
0.0064 3.46838
0.0065 3.46779
0.0066 3.46719
0.0067 3.46658
0.0068 3.46597
0.0069 3.46534
0.007 3.46471
0.0071 3.46406
0.0072 3.46341
0.0073 3.46275
0.0074 3.46207
0.0075 3.46139
0.0076 3.46071
0.0077 3.46001
0.0078 3.4593
0.0079 3.45858
0.008 3.45786
0.0081 3.45712
0.0082 3.45638
0.0083 3.45563
0.0084 3.45487
0.0085 3.4541
0.0086 3.45332
0.0087 3.45253
0.0088 3.45173
0.0089 3.45092
0.009 3.45011
0.0091 3.44928
0.0092 3.44845
0.0093 3.44761
0.0094 3.44676
0.0095 3.4459
0.0096 3.44503
0.0097 3.44415
0.0098 3.44326
0.0099 3.44236
0.01 3.44146
0.0101 3.44054
0.0102 3.43962
0.0103 3.43869
0.0104 3.43775
0.0105 3.4368
0.0106 3.43584
0.0107 3.43487
0.0108 3.43389
0.0109 3.43291
0.011 3.43191
0.0111 3.43091
0.0112 3.4299
0.0113 3.42888
0.0114 3.42785
0.0115 3.42681
0.0116 3.42576
0.0117 3.4247
0.0118 3.42364
0.0119 3.42256
0.012 3.42148
0.0121 3.42038
0.0122 3.41928
0.0123 3.41817
0.0124 3.41705
0.0125 3.41593
0.0126 3.41479
0.0127 3.41364
0.0128 3.41249
0.0129 3.41133
0.013 3.41015
0.0131 3.40897
0.0132 3.40778
0.0133 3.40659
0.0134 3.40538
0.0135 3.40416
0.0136 3.40294
0.0137 3.40171
0.0138 3.40046
0.0139 3.39921
0.014 3.39795
0.0141 3.39668
0.0142 3.39541
0.0143 3.39412
0.0144 3.39283
0.0145 3.39152
0.0146 3.39021
0.0147 3.38889
0.0148 3.38756
0.0149 3.38622
0.015 3.38487
0.0151 3.38352
0.0152 3.38215
0.0153 3.38078
0.0154 3.3794
0.0155 3.37801
0.0156 3.37661
0.0157 3.3752
0.0158 3.37379
0.0159 3.37236
0.016 3.37093
0.0161 3.36949
0.0162 3.36804
0.0163 3.36658
0.0164 3.36511
0.0165 3.36363
0.0166 3.36215
0.0167 3.36065
0.0168 3.35915
0.0169 3.35764
0.017 3.35612
0.0171 3.35459
0.0172 3.35306
0.0173 3.35151
0.0174 3.34996
0.0175 3.3484
0.0176 3.34682
0.0177 3.34525
0.0178 3.34366
0.0179 3.34206
0.018 3.34046
0.0181 3.33884
0.0182 3.33722
0.0183 3.33559
0.0184 3.33395
0.0185 3.33231
0.0186 3.33065
0.0187 3.32899
0.0188 3.32732
0.0189 3.32564
0.019 3.32395
0.0191 3.32225
0.0192 3.32054
0.0193 3.31883
0.0194 3.31711
0.0195 3.31538
0.0196 3.31364
0.0197 3.31189
0.0198 3.31013
0.0199 3.30837
0.02 3.3066
0.0201 3.30481
0.0202 3.30302
0.0203 3.30123
0.0204 3.29942
0.0205 3.29761
0.0206 3.29578
0.0207 3.29395
0.0208 3.29212
0.0209 3.29027
0.021 3.28841
0.0211 3.28655
0.0212 3.28468
0.0213 3.2828
0.0214 3.28091
0.0215 3.27901
0.0216 3.27711
0.0217 3.27519
0.0218 3.27327
0.0219 3.27134
0.022 3.26941
0.0221 3.26746
0.0222 3.26551
0.0223 3.26355
0.0224 3.26158
0.0225 3.2596
0.0226 3.25761
0.0227 3.25562
0.0228 3.25361
0.0229 3.2516
0.023 3.24959
0.0231 3.24756
0.0232 3.24552
0.0233 3.24348
0.0234 3.24143
0.0235 3.23937
0.0236 3.23731
0.0237 3.23523
0.0238 3.23315
0.0239 3.23106
0.024 3.22896
0.0241 3.22685
0.0242 3.22474
0.0243 3.22262
0.0244 3.22049
0.0245 3.21835
0.0246 3.2162
0.0247 3.21405
0.0248 3.21189
0.0249 3.20972
0.025 3.20754
0.0251 3.20535
0.0252 3.20316
0.0253 3.20096
0.0254 3.19875
0.0255 3.19653
0.0256 3.19431
0.0257 3.19208
0.0258 3.18984
0.0259 3.18759
0.026 3.18533
0.0261 3.18307
0.0262 3.1808
0.0263 3.17852
0.0264 3.17623
0.0265 3.17394
0.0266 3.17164
0.0267 3.16933
0.0268 3.16701
0.0269 3.16469
0.027 3.16235
0.0271 3.16001
0.0272 3.15766
0.0273 3.15531
0.0274 3.15295
0.0275 3.15058
0.0276 3.1482
0.0277 3.14581
0.0278 3.14342
0.0279 3.14102
0.028 3.13861
0.0281 3.13619
0.0282 3.13377
0.0283 3.13134
0.0284 3.1289
0.0285 3.12645
0.0286 3.124
0.0287 3.12154
0.0288 3.11907
0.0289 3.11659
0.029 3.11411
0.0291 3.11162
0.0292 3.10912
0.0293 3.10662
0.0294 3.1041
0.0295 3.10158
0.0296 3.09905
0.0297 3.09652
0.0298 3.09398
0.0299 3.09143
0.03 3.08887
0.0301 3.08631
0.0302 3.08373
0.0303 3.08116
0.0304 3.07857
0.0305 3.07598
0.0306 3.07338
0.0307 3.07077
0.0308 3.06815
0.0309 3.06553
0.031 3.0629
0.0311 3.06026
0.0312 3.05762
0.0313 3.05497
0.0314 3.05231
0.0315 3.04965
0.0316 3.04697
0.0317 3.04429
0.0318 3.04161
0.0319 3.03891
0.032 3.03621
0.0321 3.03351
0.0322 3.03079
0.0323 3.02807
0.0324 3.02534
0.0325 3.02261
0.0326 3.01986
0.0327 3.01711
0.0328 3.01436
0.0329 3.01159
0.033 3.00882
0.0331 3.00604
0.0332 3.00326
0.0333 3.00047
0.0334 2.99767
0.0335 2.99487
0.0336 2.99205
0.0337 2.98923
0.0338 2.98641
0.0339 2.98358
0.034 2.98074
0.0341 2.97789
0.0342 2.97504
0.0343 2.97218
0.0344 2.96931
0.0345 2.96644
0.0346 2.96356
0.0347 2.96067
0.0348 2.95778
0.0349 2.95488
0.035 2.95197
0.0351 2.94906
0.0352 2.94614
0.0353 2.94321
0.0354 2.94028
0.0355 2.93734
0.0356 2.93439
0.0357 2.93144
0.0358 2.92848
0.0359 2.92552
0.036 2.92254
0.0361 2.91956
0.0362 2.91658
0.0363 2.91359
0.0364 2.91059
0.0365 2.90758
0.0366 2.90457
0.0367 2.90155
0.0368 2.89853
0.0369 2.8955
0.037 2.89246
0.0371 2.88942
0.0372 2.88637
0.0373 2.88331
0.0374 2.88025
0.0375 2.87718
0.0376 2.8741
0.0377 2.87102
0.0378 2.86793
0.0379 2.86484
0.038 2.86174
0.0381 2.85863
0.0382 2.85552
0.0383 2.8524
0.0384 2.84928
0.0385 2.84614
0.0386 2.84301
0.0387 2.83986
0.0388 2.83671
0.0389 2.83356
0.039 2.83039
0.0391 2.82723
0.0392 2.82405
0.0393 2.82087
0.0394 2.81768
0.0395 2.81449
0.0396 2.81129
0.0397 2.80809
0.0398 2.80488
0.0399 2.80166
0.04 2.79844
0.0401 2.79521
0.0402 2.79198
0.0403 2.78874
0.0404 2.78549
0.0405 2.78224
0.0406 2.77898
0.0407 2.77572
0.0408 2.77245
0.0409 2.76917
0.041 2.76589
0.0411 2.7626
0.0412 2.75931
0.0413 2.75601
0.0414 2.75271
0.0415 2.7494
0.0416 2.74608
0.0417 2.74276
0.0418 2.73943
0.0419 2.7361
0.042 2.73276
0.0421 2.72941
0.0422 2.72607
0.0423 2.72271
0.0424 2.71935
0.0425 2.71598
0.0426 2.71261
0.0427 2.70923
0.0428 2.70585
0.0429 2.70246
0.043 2.69906
0.0431 2.69566
0.0432 2.69226
0.0433 2.68885
0.0434 2.68543
0.0435 2.68201
0.0436 2.67858
0.0437 2.67515
0.0438 2.67171
0.0439 2.66827
0.044 2.66482
0.0441 2.66137
0.0442 2.65791
0.0443 2.65444
0.0444 2.65097
0.0445 2.6475
0.0446 2.64402
0.0447 2.64053
0.0448 2.63704
0.0449 2.63354
0.045 2.63004
0.0451 2.62654
0.0452 2.62303
0.0453 2.61951
0.0454 2.61599
0.0455 2.61246
0.0456 2.60893
0.0457 2.60539
0.0458 2.60185
0.0459 2.5983
0.046 2.59475
0.0461 2.59119
0.0462 2.58763
0.0463 2.58406
0.0464 2.58049
0.0465 2.57691
0.0466 2.57333
0.0467 2.56974
0.0468 2.56615
0.0469 2.56255
0.047 2.55895
0.0471 2.55534
0.0472 2.55173
0.0473 2.54812
0.0474 2.5445
0.0475 2.54087
0.0476 2.53724
0.0477 2.5336
0.0478 2.52996
0.0479 2.52632
0.048 2.52267
0.0481 2.51902
0.0482 2.51536
0.0483 2.51169
0.0484 2.50802
0.0485 2.50435
0.0486 2.50067
0.0487 2.49699
0.0488 2.49331
0.0489 2.48962
0.049 2.48592
0.0491 2.48222
0.0492 2.47851
0.0493 2.47481
0.0494 2.47109
0.0495 2.46737
0.0496 2.46365
0.0497 2.45992
0.0498 2.45619
0.0499 2.45246
0.05 2.44872
0.0501 2.44497
0.0502 2.44122
0.0503 2.43747
0.0504 2.43371
0.0505 2.42995
0.0506 2.42619
0.0507 2.42242
0.0508 2.41864
0.0509 2.41486
0.051 2.41108
0.0511 2.40729
0.0512 2.4035
0.0513 2.39971
0.0514 2.39591
0.0515 2.3921
0.0516 2.3883
0.0517 2.38448
0.0518 2.38067
0.0519 2.37685
0.052 2.37303
0.0521 2.3692
0.0522 2.36537
0.0523 2.36153
0.0524 2.35769
0.0525 2.35385
0.0526 2.35
0.0527 2.34615
0.0528 2.34229
0.0529 2.33843
0.053 2.33457
0.0531 2.3307
0.0532 2.32683
0.0533 2.32296
0.0534 2.31908
0.0535 2.3152
0.0536 2.31131
0.0537 2.30742
0.0538 2.30353
0.0539 2.29963
0.054 2.29573
0.0541 2.29183
0.0542 2.28792
0.0543 2.28401
0.0544 2.28009
0.0545 2.27617
0.0546 2.27225
0.0547 2.26833
0.0548 2.2644
0.0549 2.26046
0.055 2.25653
0.0551 2.25259
0.0552 2.24864
0.0553 2.2447
0.0554 2.24075
0.0555 2.23679
0.0556 2.23284
0.0557 2.22887
0.0558 2.22491
0.0559 2.22094
0.056 2.21697
0.0561 2.213
0.0562 2.20902
0.0563 2.20504
0.0564 2.20106
0.0565 2.19707
0.0566 2.19308
0.0567 2.18909
0.0568 2.18509
0.0569 2.18109
0.057 2.17709
0.0571 2.17308
0.0572 2.16908
0.0573 2.16506
0.0574 2.16105
0.0575 2.15703
0.0576 2.15301
0.0577 2.14898
0.0578 2.14496
0.0579 2.14093
0.058 2.13689
0.0581 2.13286
0.0582 2.12882
0.0583 2.12478
0.0584 2.12073
0.0585 2.11668
0.0586 2.11263
0.0587 2.10858
0.0588 2.10452
0.0589 2.10047
0.059 2.0964
0.0591 2.09234
0.0592 2.08827
0.0593 2.0842
0.0594 2.08013
0.0595 2.07605
0.0596 2.07198
0.0597 2.06789
0.0598 2.06381
0.0599 2.05973
0.06 2.05564
0.0601 2.05155
0.0602 2.04745
0.0603 2.04336
0.0604 2.03926
0.0605 2.03516
0.0606 2.03105
0.0607 2.02695
0.0608 2.02284
0.0609 2.01873
0.061 2.01461
0.0611 2.0105
0.0612 2.00638
0.0613 2.00226
0.0614 1.99813
0.0615 1.99401
0.0616 1.98988
0.0617 1.98575
0.0618 1.98162
0.0619 1.97748
0.062 1.97335
0.0621 1.96921
0.0622 1.96507
0.0623 1.96092
0.0624 1.95678
0.0625 1.95263
0.0626 1.94848
0.0627 1.94433
0.0628 1.94017
0.0629 1.93602
0.063 1.93186
0.0631 1.9277
0.0632 1.92354
0.0633 1.91937
0.0634 1.9152
0.0635 1.91104
0.0636 1.90687
0.0637 1.90269
0.0638 1.89852
0.0639 1.89434
0.064 1.89017
0.0641 1.88599
0.0642 1.88181
0.0643 1.87762
0.0644 1.87344
0.0645 1.86925
0.0646 1.86506
0.0647 1.86087
0.0648 1.85668
0.0649 1.85249
0.065 1.84829
0.0651 1.84409
0.0652 1.83989
0.0653 1.83569
0.0654 1.83149
0.0655 1.82729
0.0656 1.82308
0.0657 1.81888
0.0658 1.81467
0.0659 1.81046
0.066 1.80625
0.0661 1.80203
0.0662 1.79782
0.0663 1.7936
0.0664 1.78939
0.0665 1.78517
0.0666 1.78095
0.0667 1.77673
0.0668 1.7725
0.0669 1.76828
0.067 1.76405
0.0671 1.75983
0.0672 1.7556
0.0673 1.75137
0.0674 1.74714
0.0675 1.74291
0.0676 1.73867
0.0677 1.73444
0.0678 1.73021
0.0679 1.72597
0.068 1.72173
0.0681 1.71749
0.0682 1.71325
0.0683 1.70901
0.0684 1.70477
0.0685 1.70053
0.0686 1.69628
0.0687 1.69204
0.0688 1.68779
0.0689 1.68355
0.069 1.6793
0.0691 1.67505
0.0692 1.6708
0.0693 1.66655
0.0694 1.6623
0.0695 1.65804
0.0696 1.65379
0.0697 1.64954
0.0698 1.64528
0.0699 1.64103
0.07 1.63677
0.0701 1.63251
0.0702 1.62825
0.0703 1.624
0.0704 1.61974
0.0705 1.61548
0.0706 1.61122
0.0707 1.60695
0.0708 1.60269
0.0709 1.59843
0.071 1.59417
0.0711 1.5899
0.0712 1.58564
0.0713 1.58137
0.0714 1.57711
0.0715 1.57284
0.0716 1.56858
0.0717 1.56431
0.0718 1.56004
0.0719 1.55578
0.072 1.55151
0.0721 1.54724
0.0722 1.54297
0.0723 1.5387
0.0724 1.53443
0.0725 1.53016
0.0726 1.52589
0.0727 1.52162
0.0728 1.51735
0.0729 1.51308
0.073 1.50881
0.0731 1.50454
0.0732 1.50027
0.0733 1.496
0.0734 1.49172
0.0735 1.48745
0.0736 1.48318
0.0737 1.47891
0.0738 1.47464
0.0739 1.47036
0.074 1.46609
0.0741 1.46182
0.0742 1.45755
0.0743 1.45327
0.0744 1.449
0.0745 1.44473
0.0746 1.44046
0.0747 1.43619
0.0748 1.43191
0.0749 1.42764
0.075 1.42337
0.0751 1.4191
0.0752 1.41483
0.0753 1.41056
0.0754 1.40629
0.0755 1.40202
0.0756 1.39775
0.0757 1.39348
0.0758 1.38921
0.0759 1.38494
0.076 1.38067
0.0761 1.3764
0.0762 1.37213
0.0763 1.36786
0.0764 1.36359
0.0765 1.35933
0.0766 1.35506
0.0767 1.35079
0.0768 1.34653
0.0769 1.34226
0.077 1.338
0.0771 1.33373
0.0772 1.32947
0.0773 1.32521
0.0774 1.32094
0.0775 1.31668
0.0776 1.31242
0.0777 1.30816
0.0778 1.3039
0.0779 1.29964
0.078 1.29538
0.0781 1.29112
0.0782 1.28686
0.0783 1.28261
0.0784 1.27835
0.0785 1.2741
0.0786 1.26984
0.0787 1.26559
0.0788 1.26133
0.0789 1.25708
0.079 1.25283
0.0791 1.24858
0.0792 1.24433
0.0793 1.24008
0.0794 1.23584
0.0795 1.23159
0.0796 1.22734
0.0797 1.2231
0.0798 1.21886
0.0799 1.21461
0.08 1.21037
0.0801 1.20613
0.0802 1.20189
0.0803 1.19765
0.0804 1.19342
0.0805 1.18918
0.0806 1.18495
0.0807 1.18071
0.0808 1.17648
0.0809 1.17225
0.081 1.16802
0.0811 1.16379
0.0812 1.15956
0.0813 1.15533
0.0814 1.15111
0.0815 1.14688
0.0816 1.14266
0.0817 1.13844
0.0818 1.13422
0.0819 1.13
0.082 1.12579
0.0821 1.12157
0.0822 1.11736
0.0823 1.11314
0.0824 1.10893
0.0825 1.10472
0.0826 1.10051
0.0827 1.09631
0.0828 1.0921
0.0829 1.0879
0.083 1.08369
0.0831 1.07949
0.0832 1.07529
0.0833 1.0711
0.0834 1.0669
0.0835 1.06271
0.0836 1.05851
0.0837 1.05432
0.0838 1.05013
0.0839 1.04595
0.084 1.04176
0.0841 1.03758
0.0842 1.03339
0.0843 1.02921
0.0844 1.02503
0.0845 1.02086
0.0846 1.01668
0.0847 1.01251
0.0848 1.00834
0.0849 1.00417
