-0.104 0 0
-0.104 0.003 0.0184907
-0.104 0.006 0.0369368
-0.104 0.009 0.0552939
-0.104 0.012 0.0735178
-0.104 0.015 0.0915646
-0.104 0.018 0.109391
-0.104 0.021 0.126954
-0.104 0.024 0.14421
-0.104 0.027 0.16112
-0.104 0.03 0.177641
-0.104 0.033 0.193734
-0.104 0.036 0.209361
-0.104 0.039 0.224483
-0.104 0.042 0.239065
-0.104 0.045 0.25307
-0.104 0.048 0.266466
-0.104 0.051 0.27922
-0.104 0.054 0.291301
-0.104 0.057 0.302681
-0.104 0.06 0.313331
-0.104 0.063 0.323226
-0.104 0.066 0.332343
-0.104 0.069 0.340659
-0.104 0.072 0.348155
-0.104 0.075 0.354811
-0.104 0.078 0.360613
-0.104 0.081 0.365547
-0.104 0.084 0.369599
-0.104 0.087 0.372761
-0.104 0.09 0.375025
-0.104 0.093 0.376386
-0.104 0.096 0.37684
-0.104 0.099 0.376386
-0.104 0.102 0.375025
-0.104 0.105 0.372761
-0.104 0.108 0.369599
-0.104 0.111 0.365547
-0.104 0.114 0.360613
-0.104 0.117 0.354811
-0.104 0.12 0.348155
-0.104 0.123 0.340659
-0.104 0.126 0.332343
-0.104 0.129 0.323226
-0.104 0.132 0.313331
-0.104 0.135 0.302681
-0.104 0.138 0.291301
-0.104 0.141 0.27922
-0.104 0.144 0.266466
-0.104 0.147 0.25307
-0.104 0.15 0.239065
-0.104 0.153 0.224483
-0.104 0.156 0.209361
-0.104 0.159 0.193734
-0.104 0.162 0.177641
-0.104 0.165 0.16112
-0.104 0.168 0.14421
-0.104 0.171 0.126954
-0.104 0.174 0.109391
-0.104 0.177 0.0915646
-0.104 0.18 0.0735178
-0.104 0.183 0.0552939
-0.104 0.186 0.0369368
-0.104 0.189 0.0184907
-0.101 0 0
-0.101 0.003 3746.56
-0.101 0.006 7484.1
-0.101 0.009 11203.6
-0.101 0.012 14896.1
-0.101 0.015 18552.7
-0.101 0.018 22164.7
-0.101 0.021 25723.2
-0.101 0.024 29219.8
-0.101 0.027 32646
-0.101 0.03 35993.5
-0.101 0.033 39254.3
-0.101 0.036 42420.6
-0.101 0.039 45484.6
-0.101 0.042 48439.1
-0.101 0.045 51276.9
-0.101 0.048 53991.1
-0.101 0.051 56575.3
-0.101 0.054 59023.2
-0.101 0.057 61328.9
-0.101 0.06 63486.9
-0.101 0.063 65491.9
-0.101 0.066 67339.1
-0.101 0.069 69024.1
-0.101 0.072 70542.8
-0.101 0.075 71891.6
-0.101 0.078 73067.2
-0.101 0.081 74066.7
-0.101 0.084 74887.8
-0.101 0.087 75528.6
-0.101 0.09 75987.3
-0.101 0.093 76263
-0.101 0.096 76355
-0.101 0.099 76263
-0.101 0.102 75987.3
-0.101 0.105 75528.6
-0.101 0.108 74887.8
-0.101 0.111 74066.7
-0.101 0.114 73067.2
-0.101 0.117 71891.6
-0.101 0.12 70542.8
-0.101 0.123 69024.1
-0.101 0.126 67339.1
-0.101 0.129 65491.9
-0.101 0.132 63486.9
-0.101 0.135 61328.9
-0.101 0.138 59023.2
-0.101 0.141 56575.3
-0.101 0.144 53991.1
-0.101 0.147 51276.9
-0.101 0.15 48439.1
-0.101 0.153 45484.6
-0.101 0.156 42420.6
-0.101 0.159 39254.3
-0.101 0.162 35993.5
-0.101 0.165 32646
-0.101 0.168 29219.8
-0.101 0.171 25723.2
-0.101 0.174 22164.7
-0.101 0.177 18552.7
-0.101 0.18 14896.1
-0.101 0.183 11203.6
-0.101 0.186 7484.1
-0.101 0.189 3746.56
-0.098 0 0
-0.098 0.003 7587.79
-0.098 0.006 15157.3
-0.098 0.009 22690.3
-0.098 0.012 30168.6
-0.098 0.015 37574.3
-0.098 0.018 44889.4
-0.098 0.021 52096.4
-0.098 0.024 59177.9
-0.098 0.027 66116.8
-0.098 0.03 72896.4
-0.098 0.033 79500.5
-0.098 0.036 85913
-0.098 0.039 92118.5
-0.098 0.042 98102.1
-0.098 0.045 103849
-0.098 0.048 109346
-0.098 0.051 114580
-0.098 0.054 119538
-0.098 0.057 124207
-0.098 0.06 128578
-0.098 0.063 132638
-0.098 0.066 136380
-0.098 0.069 139792
-0.098 0.072 142868
-0.098 0.075 145600
-0.098 0.078 147981
-0.098 0.081 150005
-0.098 0.084 151668
-0.098 0.087 152966
-0.098 0.09 153895
-0.098 0.093 154453
-0.098 0.096 154639
-0.098 0.099 154453
-0.098 0.102 153895
-0.098 0.105 152966
-0.098 0.108 151668
-0.098 0.111 150005
-0.098 0.114 147981
-0.098 0.117 145600
-0.098 0.12 142868
-0.098 0.123 139792
-0.098 0.126 136380
-0.098 0.129 132638
-0.098 0.132 128578
-0.098 0.135 124207
-0.098 0.138 119538
-0.098 0.141 114580
-0.098 0.144 109346
-0.098 0.147 103849
-0.098 0.15 98102.1
-0.098 0.153 92118.5
-0.098 0.156 85913
-0.098 0.159 79500.5
-0.098 0.162 72896.4
-0.098 0.165 66116.8
-0.098 0.168 59177.9
-0.098 0.171 52096.4
-0.098 0.174 44889.4
-0.098 0.177 37574.3
-0.098 0.18 30168.6
-0.098 0.183 22690.3
-0.098 0.186 15157.3
-0.098 0.189 7587.79
-0.095 0 0
-0.095 0.003 11511.4
-0.095 0.006 22995
-0.095 0.009 34423.3
-0.095 0.012 45768.6
-0.095 0.015 57003.7
-0.095 0.018 68101.4
-0.095 0.021 79035.1
-0.095 0.024 89778.3
-0.095 0.027 100305
-0.095 0.03 110591
-0.095 0.033 120610
-0.095 0.036 130338
-0.095 0.039 139752
-0.095 0.042 148830
-0.095 0.045 157549
-0.095 0.048 165889
-0.095 0.051 173829
-0.095 0.054 181350
-0.095 0.057 188434
-0.095 0.06 195065
-0.095 0.063 201225
-0.095 0.066 206901
-0.095 0.069 212078
-0.095 0.072 216744
-0.095 0.075 220888
-0.095 0.078 224500
-0.095 0.081 227571
-0.095 0.084 230094
-0.095 0.087 232063
-0.095 0.09 233472
-0.095 0.093 234320
-0.095 0.096 234602
-0.095 0.099 234320
-0.095 0.102 233472
-0.095 0.105 232063
-0.095 0.108 230094
-0.095 0.111 227571
-0.095 0.114 224500
-0.095 0.117 220888
-0.095 0.12 216744
-0.095 0.123 212078
-0.095 0.126 206901
-0.095 0.129 201225
-0.095 0.132 195065
-0.095 0.135 188434
-0.095 0.138 181350
-0.095 0.141 173829
-0.095 0.144 165889
-0.095 0.147 157549
-0.095 0.15 148830
-0.095 0.153 139752
-0.095 0.156 130338
-0.095 0.159 120610
-0.095 0.162 110591
-0.095 0.165 100305
-0.095 0.168 89778.3
-0.095 0.171 79035.1
-0.095 0.174 68101.4
-0.095 0.177 57003.7
-0.095 0.18 45768.6
-0.095 0.183 34423.3
-0.095 0.186 22995
-0.095 0.189 11511.4
-0.092 0 0
-0.092 0.003 15504.6
-0.092 0.006 30971.9
-0.092 0.009 46364.5
-0.092 0.012 61645.5
-0.092 0.015 76777.9
-0.092 0.018 91725.4
-0.092 0.021 106452
-0.092 0.024 120922
-0.092 0.027 135101
-0.092 0.03 148954
-0.092 0.033 162448
-0.092 0.036 175552
-0.092 0.039 188232
-0.092 0.042 200458
-0.092 0.045 212202
-0.092 0.048 223435
-0.092 0.051 234129
-0.092 0.054 244259
-0.092 0.057 253801
-0.092 0.06 262731
-0.092 0.063 271029
-0.092 0.066 278673
-0.092 0.069 285646
-0.092 0.072 291931
-0.092 0.075 297513
-0.092 0.078 302378
-0.092 0.081 306515
-0.092 0.084 309913
-0.092 0.087 312564
-0.092 0.09 314463
-0.092 0.093 315604
-0.092 0.096 315984
-0.092 0.099 315604
-0.092 0.102 314463
-0.092 0.105 312564
-0.092 0.108 309913
-0.092 0.111 306515
-0.092 0.114 302378
-0.092 0.117 297513
-0.092 0.12 291931
-0.092 0.123 285646
-0.092 0.126 278673
-0.092 0.129 271029
-0.092 0.132 262731
-0.092 0.135 253801
-0.092 0.138 244259
-0.092 0.141 234129
-0.092 0.144 223435
-0.092 0.147 212202
-0.092 0.15 200458
-0.092 0.153 188232
-0.092 0.156 175552
-0.092 0.159 162448
-0.092 0.162 148954
-0.092 0.165 135101
-0.092 0.168 120922
-0.092 0.171 106452
-0.092 0.174 91725.4
-0.092 0.177 76777.9
-0.092 0.18 61645.5
-0.092 0.183 46364.5
-0.092 0.186 30971.9
-0.092 0.189 15504.6
-0.089 0 0
-0.089 0.003 19554.4
-0.089 0.006 39061.7
-0.089 0.009 58475
-0.089 0.012 77747.3
-0.089 0.015 96832.4
-0.089 0.018 115684
-0.089 0.021 134257
-0.089 0.024 152507
-0.089 0.027 170389
-0.089 0.03 187861
-0.089 0.033 204880
-0.089 0.036 221406
-0.089 0.039 237398
-0.089 0.042 252818
-0.089 0.045 267629
-0.089 0.048 281796
-0.089 0.051 295284
-0.089 0.054 308060
-0.089 0.057 320094
-0.089 0.06 331357
-0.089 0.063 341822
-0.089 0.066 351463
-0.089 0.069 360257
-0.089 0.072 368184
-0.089 0.075 375224
-0.089 0.078 381359
-0.089 0.081 386576
-0.089 0.084 390862
-0.089 0.087 394206
-0.089 0.09 396601
-0.089 0.093 398040
-0.089 0.096 398520
-0.089 0.099 398040
-0.089 0.102 396601
-0.089 0.105 394206
-0.089 0.108 390862
-0.089 0.111 386576
-0.089 0.114 381359
-0.089 0.117 375224
-0.089 0.12 368184
-0.089 0.123 360257
-0.089 0.126 351463
-0.089 0.129 341822
-0.089 0.132 331357
-0.089 0.135 320094
-0.089 0.138 308060
-0.089 0.141 295284
-0.089 0.144 281796
-0.089 0.147 267629
-0.089 0.15 252818
-0.089 0.153 237398
-0.089 0.156 221406
-0.089 0.159 204880
-0.089 0.162 187861
-0.089 0.165 170389
-0.089 0.168 152507
-0.089 0.171 134257
-0.089 0.174 115684
-0.089 0.177 96832.4
-0.089 0.18 77747.3
-0.089 0.183 58475
-0.089 0.186 39061.7
-0.089 0.189 19554.4
-0.086 0 0
-0.086 0.003 23647.4
-0.086 0.006 47237.9
-0.086 0.009 70714.6
-0.086 0.012 94020.9
-0.086 0.015 117101
-0.086 0.018 139898
-0.086 0.021 162359
-0.086 0.024 184429
-0.086 0.027 206054
-0.086 0.03 227183
-0.086 0.033 247764
-0.086 0.036 267749
-0.086 0.039 287088
-0.086 0.042 305736
-0.086 0.045 323648
-0.086 0.048 340780
-0.086 0.051 357090
-0.086 0.054 372541
-0.086 0.057 387094
-0.086 0.06 400714
-0.086 0.063 413369
-0.086 0.066 425029
-0.086 0.069 435664
-0.086 0.072 445250
-0.086 0.075 453763
-0.086 0.078 461183
-0.086 0.081 467492
-0.086 0.084 472675
-0.086 0.087 476719
-0.086 0.09 479614
-0.086 0.093 481355
-0.086 0.096 481935
-0.086 0.099 481355
-0.086 0.102 479614
-0.086 0.105 476719
-0.086 0.108 472675
-0.086 0.111 467492
-0.086 0.114 461183
-0.086 0.117 453763
-0.086 0.12 445250
-0.086 0.123 435664
-0.086 0.126 425029
-0.086 0.129 413369
-0.086 0.132 400714
-0.086 0.135 387094
-0.086 0.138 372541
-0.086 0.141 357090
-0.086 0.144 340780
-0.086 0.147 323648
-0.086 0.15 305736
-0.086 0.153 287088
-0.086 0.156 267749
-0.086 0.159 247764
-0.086 0.162 227183
-0.086 0.165 206054
-0.086 0.168 184429
-0.086 0.171 162359
-0.086 0.174 139898
-0.086 0.177 117101
-0.086 0.18 94020.9
-0.086 0.183 70714.6
-0.086 0.186 47237.9
-0.086 0.189 23647.4
-0.083 0 0
-0.083 0.003 27770
-0.083 0.006 55473.1
-0.083 0.009 83042.5
-0.083 0.012 110412
-0.083 0.015 137515
-0.083 0.018 164287
-0.083 0.021 190664
-0.083 0.024 216581
-0.083 0.027 241976
-0.083 0.03 266788
-0.083 0.033 290958
-0.083 0.036 314427
-0.083 0.039 337138
-0.083 0.042 359037
-0.083 0.045 380071
-0.083 0.048 400189
-0.083 0.051 419343
-0.083 0.054 437488
-0.083 0.057 454578
-0.083 0.06 470573
-0.083 0.063 485434
-0.083 0.066 499126
-0.083 0.069 511615
-0.083 0.072 522872
-0.083 0.075 532870
-0.083 0.078 541583
-0.083 0.081 548992
-0.083 0.084 555078
-0.083 0.087 559827
-0.083 0.09 563228
-0.083 0.093 565271
-0.083 0.096 565953
-0.083 0.099 565271
-0.083 0.102 563228
-0.083 0.105 559827
-0.083 0.108 555078
-0.083 0.111 548992
-0.083 0.114 541583
-0.083 0.117 532870
-0.083 0.12 522872
-0.083 0.123 511615
-0.083 0.126 499126
-0.083 0.129 485434
-0.083 0.132 470573
-0.083 0.135 454578
-0.083 0.138 437488
-0.083 0.141 419343
-0.083 0.144 400189
-0.083 0.147 380071
-0.083 0.15 359037
-0.083 0.153 337138
-0.083 0.156 314427
-0.083 0.159 290958
-0.083 0.162 266788
-0.083 0.165 241976
-0.083 0.168 216581
-0.083 0.171 190664
-0.083 0.174 164287
-0.083 0.177 137515
-0.083 0.18 110412
-0.083 0.183 83042.5
-0.083 0.186 55473.1
-0.083 0.189 27770
-0.08 0 0
-0.08 0.003 31908.3
-0.08 0.006 63739.7
-0.08 0.009 95417.6
-0.08 0.012 126866
-0.08 0.015 158008
-0.08 0.018 188770
-0.08 0.021 219077
-0.08 0.024 248856
-0.08 0.027 278035
-0.08 0.03 306545
-0.08 0.033 334317
-0.08 0.036 361283
-0.08 0.039 387378
-0.08 0.042 412541
-0.08 0.045 436709
-0.08 0.048 459826
-0.08 0.051 481834
-0.08 0.054 502682
-0.08 0.057 522319
-0.08 0.06 540698
-0.08 0.063 557774
-0.08 0.066 573506
-0.08 0.069 587857
-0.08 0.072 600791
-0.08 0.075 612278
-0.08 0.078 622290
-0.08 0.081 630803
-0.08 0.084 637796
-0.08 0.087 643253
-0.08 0.09 647160
-0.08 0.093 649508
-0.08 0.096 650292
-0.08 0.099 649508
-0.08 0.102 647160
-0.08 0.105 643253
-0.08 0.108 637796
-0.08 0.111 630803
-0.08 0.114 622290
-0.08 0.117 612278
-0.08 0.12 600791
-0.08 0.123 587857
-0.08 0.126 573506
-0.08 0.129 557774
-0.08 0.132 540698
-0.08 0.135 522319
-0.08 0.138 502682
-0.08 0.141 481834
-0.08 0.144 459826
-0.08 0.147 436709
-0.08 0.15 412541
-0.08 0.153 387378
-0.08 0.156 361283
-0.08 0.159 334317
-0.08 0.162 306545
-0.08 0.165 278035
-0.08 0.168 248856
-0.08 0.171 219077
-0.08 0.174 188770
-0.08 0.177 158008
-0.08 0.18 126866
-0.08 0.183 95417.6
-0.08 0.186 63739.7
-0.08 0.189 31908.3
-0.077 0 0
-0.077 0.003 36048.3
-0.077 0.006 72009.8
-0.077 0.009 107798
-0.077 0.012 143326
-0.077 0.015 178509
-0.077 0.018 213262
-0.077 0.021 247501
-0.077 0.024 281144
-0.077 0.027 314110
-0.077 0.03 346319
-0.077 0.033 377694
-0.077 0.036 408158
-0.077 0.039 437640
-0.077 0.042 466067
-0.077 0.045 493371
-0.077 0.048 519487
-0.077 0.051 544351
-0.077 0.054 567904
-0.077 0.057 590089
-0.077 0.06 610852
-0.077 0.063 630144
-0.077 0.066 647917
-0.077 0.069 664130
-0.077 0.072 678743
-0.077 0.075 691720
-0.077 0.078 703031
-0.077 0.081 712649
-0.077 0.084 720549
-0.077 0.087 726714
-0.077 0.09 731128
-0.077 0.093 733781
-0.077 0.096 734666
-0.077 0.099 733781
-0.077 0.102 731128
-0.077 0.105 726714
-0.077 0.108 720549
-0.077 0.111 712649
-0.077 0.114 703031
-0.077 0.117 691720
-0.077 0.12 678743
-0.077 0.123 664130
-0.077 0.126 647917
-0.077 0.129 630144
-0.077 0.132 610852
-0.077 0.135 590089
-0.077 0.138 567904
-0.077 0.141 544351
-0.077 0.144 519487
-0.077 0.147 493371
-0.077 0.15 466067
-0.077 0.153 437640
-0.077 0.156 408158
-0.077 0.159 377694
-0.077 0.162 346319
-0.077 0.165 314110
-0.077 0.168 281144
-0.077 0.171 247501
-0.077 0.174 213262
-0.077 0.177 178509
-0.077 0.18 143326
-0.077 0.183 107798
-0.077 0.186 72009.8
-0.077 0.189 36048.3
-0.074 0 0
-0.074 0.003 40176.1
-0.074 0.006 80255.3
-0.074 0.009 120141
-0.074 0.012 159738
-0.074 0.015 198949
-0.074 0.018 237682
-0.074 0.021 275842
-0.074 0.024 313337
-0.074 0.027 350077
-0.074 0.03 385974
-0.074 0.033 420942
-0.074 0.036 454895
-0.074 0.039 487752
-0.074 0.042 519434
-0.074 0.045 549865
-0.074 0.048 578971
-0.074 0.051 606682
-0.074 0.054 632932
-0.074 0.057 657657
-0.074 0.06 680798
-0.074 0.063 702299
-0.074 0.066 722107
-0.074 0.069 740176
-0.074 0.072 756462
-0.074 0.075 770926
-0.074 0.078 783532
-0.074 0.081 794251
-0.074 0.084 803056
-0.074 0.087 809927
-0.074 0.09 814846
-0.074 0.093 817802
-0.074 0.096 818789
-0.074 0.099 817802
-0.074 0.102 814846
-0.074 0.105 809927
-0.074 0.108 803056
-0.074 0.111 794251
-0.074 0.114 783532
-0.074 0.117 770926
-0.074 0.12 756462
-0.074 0.123 740176
-0.074 0.126 722107
-0.074 0.129 702299
-0.074 0.132 680798
-0.074 0.135 657657
-0.074 0.138 632932
-0.074 0.141 606682
-0.074 0.144 578971
-0.074 0.147 549865
-0.074 0.15 519434
-0.074 0.153 487752
-0.074 0.156 454895
-0.074 0.159 420942
-0.074 0.162 385974
-0.074 0.165 350077
-0.074 0.168 313337
-0.074 0.171 275842
-0.074 0.174 237682
-0.074 0.177 198949
-0.074 0.18 159738
-0.074 0.183 120141
-0.074 0.186 80255.3
-0.074 0.189 40176.1
-0.071 0 0
-0.071 0.003 44277.3
-0.071 0.006 88448
-0.071 0.009 132406
-0.071 0.012 176044
-0.071 0.015 219259
-0.071 0.018 261945
-0.071 0.021 304000
-0.071 0.024 345323
-0.071 0.027 385814
-0.071 0.03 425376
-0.071 0.033 463912
-0.071 0.036 501332
-0.071 0.039 537543
-0.071 0.042 572459
-0.071 0.045 605997
-0.071 0.048 638074
-0.071 0.051 668614
-0.071 0.054 697544
-0.071 0.057 724793
-0.071 0.06 750296
-0.071 0.063 773991
-0.071 0.066 795822
-0.071 0.069 815736
-0.071 0.072 833684
-0.071 0.075 849624
-0.071 0.078 863517
-0.071 0.081 875330
-0.071 0.084 885034
-0.071 0.087 892606
-0.071 0.09 898028
-0.071 0.093 901286
-0.071 0.096 902373
-0.071 0.099 901286
-0.071 0.102 898028
-0.071 0.105 892606
-0.071 0.108 885034
-0.071 0.111 875330
-0.071 0.114 863517
-0.071 0.117 849624
-0.071 0.12 833684
-0.071 0.123 815736
-0.071 0.126 795822
-0.071 0.129 773991
-0.071 0.132 750296
-0.071 0.135 724793
-0.071 0.138 697544
-0.071 0.141 668614
-0.071 0.144 638074
-0.071 0.147 605997
-0.071 0.15 572459
-0.071 0.153 537543
-0.071 0.156 501332
-0.071 0.159 463912
-0.071 0.162 425376
-0.071 0.165 385814
-0.071 0.168 345323
-0.071 0.171 304000
-0.071 0.174 261945
-0.071 0.177 219259
-0.071 0.18 176044
-0.071 0.183 132406
-0.071 0.186 88448
-0.071 0.189 44277.3
-0.068 0 0
-0.068 0.003 48338.1
-0.068 0.006 96559.8
-0.068 0.009 144549
-0.068 0.012 192190
-0.068 0.015 239367
-0.068 0.018 285969
-0.068 0.021 331881
-0.068 0.024 376993
-0.068 0.027 421198
-0.068 0.03 464388
-0.068 0.033 506459
-0.068 0.036 547310
-0.068 0.039 586842
-0.068 0.042 624961
-0.068 0.045 661574
-0.068 0.048 696593
-0.068 0.051 729934
-0.068 0.054 761517
-0.068 0.057 791265
-0.068 0.06 819107
-0.068 0.063 844975
-0.068 0.066 868808
-0.068 0.069 890548
-0.068 0.072 910143
-0.068 0.075 927545
-0.068 0.078 942712
-0.068 0.081 955608
-0.068 0.084 966202
-0.068 0.087 974469
-0.068 0.09 980388
-0.068 0.093 983945
-0.068 0.096 985131
-0.068 0.099 983945
-0.068 0.102 980388
-0.068 0.105 974469
-0.068 0.108 966202
-0.068 0.111 955608
-0.068 0.114 942712
-0.068 0.117 927545
-0.068 0.12 910143
-0.068 0.123 890548
-0.068 0.126 868808
-0.068 0.129 844975
-0.068 0.132 819107
-0.068 0.135 791265
-0.068 0.138 761517
-0.068 0.141 729934
-0.068 0.144 696593
-0.068 0.147 661574
-0.068 0.15 624961
-0.068 0.153 586842
-0.068 0.156 547310
-0.068 0.159 506459
-0.068 0.162 464388
-0.068 0.165 421198
-0.068 0.168 376993
-0.068 0.171 331881
-0.068 0.174 285969
-0.068 0.177 239367
-0.068 0.18 192190
-0.068 0.183 144549
-0.068 0.186 96559.8
-0.068 0.189 48338.1
-0.065 0 0
-0.065 0.003 52344.3
-0.065 0.006 104563
-0.065 0.009 156529
-0.065 0.012 208118
-0.065 0.015 259206
-0.065 0.018 309669
-0.065 0.021 359387
-0.065 0.024 408238
-0.065 0.027 456106
-0.065 0.03 502876
-0.065 0.033 548434
-0.065 0.036 592670
-0.065 0.039 635479
-0.065 0.042 676757
-0.065 0.045 716404
-0.065 0.048 754326
-0.065 0.051 790430
-0.065 0.054 824631
-0.065 0.057 856844
-0.065 0.06 886994
-0.065 0.063 915006
-0.065 0.066 940814
-0.065 0.069 964356
-0.065 0.072 985574
-0.065 0.075 1.00442e+06
-0.065 0.078 1.02084e+06
-0.065 0.081 1.03481e+06
-0.065 0.084 1.04628e+06
-0.065 0.087 1.05523e+06
-0.065 0.09 1.06164e+06
-0.065 0.093 1.06549e+06
-0.065 0.096 1.06678e+06
-0.065 0.099 1.06549e+06
-0.065 0.102 1.06164e+06
-0.065 0.105 1.05523e+06
-0.065 0.108 1.04628e+06
-0.065 0.111 1.03481e+06
-0.065 0.114 1.02084e+06
-0.065 0.117 1.00442e+06
-0.065 0.12 985574
-0.065 0.123 964356
-0.065 0.126 940814
-0.065 0.129 915006
-0.065 0.132 886994
-0.065 0.135 856844
-0.065 0.138 824631
-0.065 0.141 790430
-0.065 0.144 754326
-0.065 0.147 716404
-0.065 0.15 676757
-0.065 0.153 635479
-0.065 0.156 592670
-0.065 0.159 548434
-0.065 0.162 502876
-0.065 0.165 456106
-0.065 0.168 408238
-0.065 0.171 359387
-0.065 0.174 309669
-0.065 0.177 259206
-0.065 0.18 208118
-0.065 0.183 156529
-0.065 0.186 104563
-0.065 0.189 52344.3
-0.062 0 0
-0.062 0.003 56282.1
-0.062 0.006 112429
-0.062 0.009 168304
-0.062 0.012 223774
-0.062 0.015 278705
-0.062 0.018 332965
-0.062 0.021 386423
-0.062 0.024 438949
-0.062 0.027 490418
-0.062 0.03 540706
-0.062 0.033 589691
-0.062 0.036 637256
-0.062 0.039 683285
-0.062 0.042 727668
-0.062 0.045 770298
-0.062 0.048 811072
-0.062 0.051 849893
-0.062 0.054 886666
-0.062 0.057 921303
-0.062 0.06 953720
-0.062 0.063 983840
-0.062 0.066 1.01159e+06
-0.062 0.069 1.0369e+06
-0.062 0.072 1.05972e+06
-0.062 0.075 1.07998e+06
-0.062 0.078 1.09764e+06
-0.062 0.081 1.11265e+06
-0.062 0.084 1.12499e+06
-0.062 0.087 1.13461e+06
-0.062 0.09 1.14151e+06
-0.062 0.093 1.14565e+06
-0.062 0.096 1.14703e+06
-0.062 0.099 1.14565e+06
-0.062 0.102 1.14151e+06
-0.062 0.105 1.13461e+06
-0.062 0.108 1.12499e+06
-0.062 0.111 1.11265e+06
-0.062 0.114 1.09764e+06
-0.062 0.117 1.07998e+06
-0.062 0.12 1.05972e+06
-0.062 0.123 1.0369e+06
-0.062 0.126 1.01159e+06
-0.062 0.129 983840
-0.062 0.132 953720
-0.062 0.135 921303
-0.062 0.138 886666
-0.062 0.141 849893
-0.062 0.144 811072
-0.062 0.147 770298
-0.062 0.15 727668
-0.062 0.153 683285
-0.062 0.156 637256
-0.062 0.159 589691
-0.062 0.162 540706
-0.062 0.165 490418
-0.062 0.168 438949
-0.062 0.171 386423
-0.062 0.174 332965
-0.062 0.177 278705
-0.062 0.18 223774
-0.062 0.183 168304
-0.062 0.186 112429
-0.062 0.189 56282.1
-0.059 0 0
-0.059 0.003 60137.7
-0.059 0.006 120130
-0.059 0.009 179834
-0.059 0.012 239104
-0.059 0.015 297798
-0.059 0.018 355775
-0.059 0.021 412895
-0.059 0.024 469019
-0.059 0.027 524014
-0.059 0.03 577747
-0.059 0.033 630088
-0.059 0.036 680911
-0.059 0.039 730093
-0.059 0.042 777517
-0.059 0.045 823067
-0.059 0.048 866635
-0.059 0.051 908115
-0.059 0.054 947407
-0.059 0.057 984417
-0.059 0.06 1.01905e+06
-0.059 0.063 1.05124e+06
-0.059 0.066 1.08089e+06
-0.059 0.069 1.10794e+06
-0.059 0.072 1.13231e+06
-0.059 0.075 1.15396e+06
-0.059 0.078 1.17283e+06
-0.059 0.081 1.18888e+06
-0.059 0.084 1.20206e+06
-0.059 0.087 1.21234e+06
-0.059 0.09 1.21971e+06
-0.059 0.093 1.22413e+06
-0.059 0.096 1.22561e+06
-0.059 0.099 1.22413e+06
-0.059 0.102 1.21971e+06
-0.059 0.105 1.21234e+06
-0.059 0.108 1.20206e+06
-0.059 0.111 1.18888e+06
-0.059 0.114 1.17283e+06
-0.059 0.117 1.15396e+06
-0.059 0.12 1.13231e+06
-0.059 0.123 1.10794e+06
-0.059 0.126 1.08089e+06
-0.059 0.129 1.05124e+06
-0.059 0.132 1.01905e+06
-0.059 0.135 984417
-0.059 0.138 947407
-0.059 0.141 908115
-0.059 0.144 866635
-0.059 0.147 823067
-0.059 0.15 777517
-0.059 0.153 730093
-0.059 0.156 680911
-0.059 0.159 630088
-0.059 0.162 577747
-0.059 0.165 524014
-0.059 0.168 469019
-0.059 0.171 412895
-0.059 0.174 355775
-0.059 0.177 297798
-0.059 0.18 239104
-0.059 0.183 179834
-0.059 0.186 120130
-0.059 0.189 60137.7
-0.056 0 0
-0.056 0.003 63897.6
-0.056 0.006 127641
-0.056 0.009 191078
-0.056 0.012 254053
-0.056 0.015 316417
-0.056 0.018 378019
-0.056 0.021 438710
-0.056 0.024 498344
-0.056 0.027 556777
-0.056 0.03 613869
-0.056 0.033 669483
-0.056 0.036 723483
-0.056 0.039 775740
-0.056 0.042 826129
-0.056 0.045 874528
-0.056 0.048 920819
-0.056 0.051 964892
-0.056 0.054 1.00664e+06
-0.056 0.057 1.04596e+06
-0.056 0.06 1.08277e+06
-0.056 0.063 1.11696e+06
-0.056 0.066 1.14847e+06
-0.056 0.069 1.17721e+06
-0.056 0.072 1.20311e+06
-0.056 0.075 1.22611e+06
-0.056 0.078 1.24616e+06
-0.056 0.081 1.26321e+06
-0.056 0.084 1.27721e+06
-0.056 0.087 1.28814e+06
-0.056 0.09 1.29596e+06
-0.056 0.093 1.30067e+06
-0.056 0.096 1.30223e+06
-0.056 0.099 1.30067e+06
-0.056 0.102 1.29596e+06
-0.056 0.105 1.28814e+06
-0.056 0.108 1.27721e+06
-0.056 0.111 1.26321e+06
-0.056 0.114 1.24616e+06
-0.056 0.117 1.22611e+06
-0.056 0.12 1.20311e+06
-0.056 0.123 1.17721e+06
-0.056 0.126 1.14847e+06
-0.056 0.129 1.11696e+06
-0.056 0.132 1.08277e+06
-0.056 0.135 1.04596e+06
-0.056 0.138 1.00664e+06
-0.056 0.141 964892
-0.056 0.144 920819
-0.056 0.147 874528
-0.056 0.15 826129
-0.056 0.153 775740
-0.056 0.156 723483
-0.056 0.159 669483
-0.056 0.162 613869
-0.056 0.165 556777
-0.056 0.168 498344
-0.056 0.171 438710
-0.056 0.174 378019
-0.056 0.177 316417
-0.056 0.18 254053
-0.056 0.183 191078
-0.056 0.186 127641
-0.056 0.189 63897.6
-0.053 0 0
-0.053 0.003 67548.8
-0.053 0.006 134935
-0.053 0.009 201996
-0.053 0.012 268570
-0.053 0.015 334497
-0.053 0.018 399619
-0.053 0.021 463778
-0.053 0.024 526819
-0.053 0.027 588592
-0.053 0.03 648946
-0.053 0.033 707737
-0.053 0.036 764823
-0.053 0.039 820066
-0.053 0.042 873334
-0.053 0.045 924498
-0.053 0.048 973435
-0.053 0.051 1.02003e+06
-0.053 0.054 1.06416e+06
-0.053 0.057 1.10573e+06
-0.053 0.06 1.14464e+06
-0.053 0.063 1.18079e+06
-0.053 0.066 1.21409e+06
-0.053 0.069 1.24447e+06
-0.053 0.072 1.27185e+06
-0.053 0.075 1.29617e+06
-0.053 0.078 1.31737e+06
-0.053 0.081 1.33539e+06
-0.053 0.084 1.35019e+06
-0.053 0.087 1.36174e+06
-0.053 0.09 1.37002e+06
-0.053 0.093 1.37499e+06
-0.053 0.096 1.37664e+06
-0.053 0.099 1.37499e+06
-0.053 0.102 1.37002e+06
-0.053 0.105 1.36174e+06
-0.053 0.108 1.35019e+06
-0.053 0.111 1.33539e+06
-0.053 0.114 1.31737e+06
-0.053 0.117 1.29617e+06
-0.053 0.12 1.27185e+06
-0.053 0.123 1.24447e+06
-0.053 0.126 1.21409e+06
-0.053 0.129 1.18079e+06
-0.053 0.132 1.14464e+06
-0.053 0.135 1.10573e+06
-0.053 0.138 1.06416e+06
-0.053 0.141 1.02003e+06
-0.053 0.144 973435
-0.053 0.147 924498
-0.053 0.15 873334
-0.053 0.153 820066
-0.053 0.156 764823
-0.053 0.159 707737
-0.053 0.162 648946
-0.053 0.165 588592
-0.053 0.168 526819
-0.053 0.171 463778
-0.053 0.174 399619
-0.053 0.177 334497
-0.053 0.18 268570
-0.053 0.183 201996
-0.053 0.186 134935
-0.053 0.189 67548.8
-0.05 0 0
-0.05 0.003 71078.2
-0.05 0.006 141985
-0.05 0.009 212550
-0.05 0.012 282603
-0.05 0.015 351975
-0.05 0.018 420499
-0.05 0.021 488010
-0.05 0.024 554346
-0.05 0.027 619346
-0.05 0.03 682854
-0.05 0.033 744716
-0.05 0.036 804785
-0.05 0.039 862915
-0.05 0.042 918966
-0.05 0.045 972804
-0.05 0.048 1.0243e+06
-0.05 0.051 1.07332e+06
-0.05 0.054 1.11976e+06
-0.05 0.057 1.16351e+06
-0.05 0.06 1.20445e+06
-0.05 0.063 1.24248e+06
-0.05 0.066 1.27753e+06
-0.05 0.069 1.3095e+06
-0.05 0.072 1.33831e+06
-0.05 0.075 1.3639e+06
-0.05 0.078 1.3862e+06
-0.05 0.081 1.40516e+06
-0.05 0.084 1.42074e+06
-0.05 0.087 1.4329e+06
-0.05 0.09 1.4416e+06
-0.05 0.093 1.44683e+06
-0.05 0.096 1.44858e+06
-0.05 0.099 1.44683e+06
-0.05 0.102 1.4416e+06
-0.05 0.105 1.4329e+06
-0.05 0.108 1.42074e+06
-0.05 0.111 1.40516e+06
-0.05 0.114 1.3862e+06
-0.05 0.117 1.3639e+06
-0.05 0.12 1.33831e+06
-0.05 0.123 1.3095e+06
-0.05 0.126 1.27753e+06
-0.05 0.129 1.24248e+06
-0.05 0.132 1.20445e+06
-0.05 0.135 1.16351e+06
-0.05 0.138 1.11976e+06
-0.05 0.141 1.07332e+06
-0.05 0.144 1.0243e+06
-0.05 0.147 972804
-0.05 0.15 918966
-0.05 0.153 862915
-0.05 0.156 804785
-0.05 0.159 744716
-0.05 0.162 682854
-0.05 0.165 619346
-0.05 0.168 554346
-0.05 0.171 488010
-0.05 0.174 420499
-0.05 0.177 351975
-0.05 0.18 282603
-0.05 0.183 212550
-0.05 0.186 141985
-0.05 0.189 71078.2
-0.047 0 0
-0.047 0.003 74473.5
-0.047 0.006 148768
-0.047 0.009 222703
-0.047 0.012 296103
-0.047 0.015 368788
-0.047 0.018 440586
-0.047 0.021 511322
-0.047 0.024 580826
-0.047 0.027 648931
-0.047 0.03 715473
-0.047 0.033 780291
-0.047 0.036 843229
-0.047 0.039 904135
-0.047 0.042 962864
-0.047 0.045 1.01927e+06
-0.047 0.048 1.07323e+06
-0.047 0.051 1.12459e+06
-0.047 0.054 1.17325e+06
-0.047 0.057 1.21909e+06
-0.047 0.06 1.26198e+06
-0.047 0.063 1.30184e+06
-0.047 0.066 1.33856e+06
-0.047 0.069 1.37205e+06
-0.047 0.072 1.40224e+06
-0.047 0.075 1.42905e+06
-0.047 0.078 1.45242e+06
-0.047 0.081 1.47229e+06
-0.047 0.084 1.48861e+06
-0.047 0.087 1.50134e+06
-0.047 0.09 1.51046e+06
-0.047 0.093 1.51594e+06
-0.047 0.096 1.51777e+06
-0.047 0.099 1.51594e+06
-0.047 0.102 1.51046e+06
-0.047 0.105 1.50134e+06
-0.047 0.108 1.48861e+06
-0.047 0.111 1.47229e+06
-0.047 0.114 1.45242e+06
-0.047 0.117 1.42905e+06
-0.047 0.12 1.40224e+06
-0.047 0.123 1.37205e+06
-0.047 0.126 1.33856e+06
-0.047 0.129 1.30184e+06
-0.047 0.132 1.26198e+06
-0.047 0.135 1.21909e+06
-0.047 0.138 1.17325e+06
-0.047 0.141 1.12459e+06
-0.047 0.144 1.07323e+06
-0.047 0.147 1.01927e+06
-0.047 0.15 962864
-0.047 0.153 904135
-0.047 0.156 843229
-0.047 0.159 780291
-0.047 0.162 715473
-0.047 0.165 648931
-0.047 0.168 580826
-0.047 0.171 511322
-0.047 0.174 440586
-0.047 0.177 368788
-0.047 0.18 296103
-0.047 0.183 222703
-0.047 0.186 148768
-0.047 0.189 74473.5
-0.044 0 0
-0.044 0.003 77722.7
-0.044 0.006 155258
-0.044 0.009 232419
-0.044 0.012 309021
-0.044 0.015 384878
-0.044 0.018 459808
-0.044 0.021 533630
-0.044 0.024 606166
-0.044 0.027 677243
-0.044 0.03 746687
-0.044 0.033 814333
-0.044 0.036 880017
-0.044 0.039 943581
-0.044 0.042 1.00487e+06
-0.044 0.045 1.06374e+06
-0.044 0.048 1.12005e+06
-0.044 0.051 1.17366e+06
-0.044 0.054 1.22444e+06
-0.044 0.057 1.27227e+06
-0.044 0.06 1.31704e+06
-0.044 0.063 1.35863e+06
-0.044 0.066 1.39695e+06
-0.044 0.069 1.43191e+06
-0.044 0.072 1.46342e+06
-0.044 0.075 1.4914e+06
-0.044 0.078 1.51578e+06
-0.044 0.081 1.53652e+06
-0.044 0.084 1.55355e+06
-0.044 0.087 1.56684e+06
-0.044 0.09 1.57636e+06
-0.044 0.093 1.58208e+06
-0.044 0.096 1.58399e+06
-0.044 0.099 1.58208e+06
-0.044 0.102 1.57636e+06
-0.044 0.105 1.56684e+06
-0.044 0.108 1.55355e+06
-0.044 0.111 1.53652e+06
-0.044 0.114 1.51578e+06
-0.044 0.117 1.4914e+06
-0.044 0.12 1.46342e+06
-0.044 0.123 1.43191e+06
-0.044 0.126 1.39695e+06
-0.044 0.129 1.35863e+06
-0.044 0.132 1.31704e+06
-0.044 0.135 1.27227e+06
-0.044 0.138 1.22444e+06
-0.044 0.141 1.17366e+06
-0.044 0.144 1.12005e+06
-0.044 0.147 1.06374e+06
-0.044 0.15 1.00487e+06
-0.044 0.153 943581
-0.044 0.156 880017
-0.044 0.159 814333
-0.044 0.162 746687
-0.044 0.165 677243
-0.044 0.168 606166
-0.044 0.171 533630
-0.044 0.174 459808
-0.044 0.177 384878
-0.044 0.18 309021
-0.044 0.183 232419
-0.044 0.186 155258
-0.044 0.189 77722.7
-0.041 0 0
-0.041 0.003 80814.1
-0.041 0.006 161434
-0.041 0.009 241664
-0.041 0.012 321312
-0.041 0.015 400187
-0.041 0.018 478097
-0.041 0.021 554855
-0.041 0.024 630277
-0.041 0.027 704180
-0.041 0.03 776387
-0.041 0.033 846724
-0.041 0.036 915020
-0.041 0.039 981113
-0.041 0.042 1.04484e+06
-0.041 0.045 1.10605e+06
-0.041 0.048 1.1646e+06
-0.041 0.051 1.22034e+06
-0.041 0.054 1.27314e+06
-0.041 0.057 1.32288e+06
-0.041 0.06 1.36942e+06
-0.041 0.063 1.41267e+06
-0.041 0.066 1.45252e+06
-0.041 0.069 1.48886e+06
-0.041 0.072 1.52162e+06
-0.041 0.075 1.55072e+06
-0.041 0.078 1.57607e+06
-0.041 0.081 1.59763e+06
-0.041 0.084 1.61535e+06
-0.041 0.087 1.62917e+06
-0.041 0.09 1.63906e+06
-0.041 0.093 1.64501e+06
-0.041 0.096 1.64699e+06
-0.041 0.099 1.64501e+06
-0.041 0.102 1.63906e+06
-0.041 0.105 1.62917e+06
-0.041 0.108 1.61535e+06
-0.041 0.111 1.59763e+06
-0.041 0.114 1.57607e+06
-0.041 0.117 1.55072e+06
-0.041 0.12 1.52162e+06
-0.041 0.123 1.48886e+06
-0.041 0.126 1.45252e+06
-0.041 0.129 1.41267e+06
-0.041 0.132 1.36942e+06
-0.041 0.135 1.32288e+06
-0.041 0.138 1.27314e+06
-0.041 0.141 1.22034e+06
-0.041 0.144 1.1646e+06
-0.041 0.147 1.10605e+06
-0.041 0.15 1.04484e+06
-0.041 0.153 981113
-0.041 0.156 915020
-0.041 0.159 846724
-0.041 0.162 776387
-0.041 0.165 704180
-0.041 0.168 630277
-0.041 0.171 554855
-0.041 0.174 478097
-0.041 0.177 400187
-0.041 0.18 321312
-0.041 0.183 241664
-0.041 0.186 161434
-0.041 0.189 80814.1
-0.038 0 0
-0.038 0.003 83736.9
-0.038 0.006 167272
-0.038 0.009 250404
-0.038 0.012 332933
-0.038 0.015 414660
-0.038 0.018 495388
-0.038 0.021 574923
-0.038 0.024 653072
-0.038 0.027 729648
-0.038 0.03 804467
-0.038 0.033 877347
-0.038 0.036 948114
-0.038 0.039 1.0166e+06
-0.038 0.042 1.08263e+06
-0.038 0.045 1.14606e+06
-0.038 0.048 1.20672e+06
-0.038 0.051 1.26448e+06
-0.038 0.054 1.31919e+06
-0.038 0.057 1.37072e+06
-0.038 0.06 1.41895e+06
-0.038 0.063 1.46377e+06
-0.038 0.066 1.50505e+06
-0.038 0.069 1.54271e+06
-0.038 0.072 1.57666e+06
-0.038 0.075 1.6068e+06
-0.038 0.078 1.63308e+06
-0.038 0.081 1.65542e+06
-0.038 0.084 1.67377e+06
-0.038 0.087 1.68809e+06
-0.038 0.09 1.69834e+06
-0.038 0.093 1.7045e+06
-0.038 0.096 1.70656e+06
-0.038 0.099 1.7045e+06
-0.038 0.102 1.69834e+06
-0.038 0.105 1.68809e+06
-0.038 0.108 1.67377e+06
-0.038 0.111 1.65542e+06
-0.038 0.114 1.63308e+06
-0.038 0.117 1.6068e+06
-0.038 0.12 1.57666e+06
-0.038 0.123 1.54271e+06
-0.038 0.126 1.50505e+06
-0.038 0.129 1.46377e+06
-0.038 0.132 1.41895e+06
-0.038 0.135 1.37072e+06
-0.038 0.138 1.31919e+06
-0.038 0.141 1.26448e+06
-0.038 0.144 1.20672e+06
-0.038 0.147 1.14606e+06
-0.038 0.15 1.08263e+06
-0.038 0.153 1.0166e+06
-0.038 0.156 948114
-0.038 0.159 877347
-0.038 0.162 804467
-0.038 0.165 729648
-0.038 0.168 653072
-0.038 0.171 574923
-0.038 0.174 495388
-0.038 0.177 414660
-0.038 0.18 332933
-0.038 0.183 250404
-0.038 0.186 167272
-0.038 0.189 83736.9
-0.035 0 0
-0.035 0.003 86480.6
-0.035 0.006 172753
-0.035 0.009 258609
-0.035 0.012 343842
-0.035 0.015 428247
-0.035 0.018 511620
-0.035 0.021 593760
-0.035 0.024 674470
-0.035 0.027 753556
-0.035 0.03 830825
-0.035 0.033 906094
-0.035 0.036 979179
-0.035 0.039 1.04991e+06
-0.035 0.042 1.1181e+06
-0.035 0.045 1.18361e+06
-0.035 0.048 1.24626e+06
-0.035 0.051 1.30591e+06
-0.035 0.054 1.36241e+06
-0.035 0.057 1.41563e+06
-0.035 0.06 1.46545e+06
-0.035 0.063 1.51173e+06
-0.035 0.066 1.55437e+06
-0.035 0.069 1.59326e+06
-0.035 0.072 1.62832e+06
-0.035 0.075 1.65945e+06
-0.035 0.078 1.68658e+06
-0.035 0.081 1.70966e+06
-0.035 0.084 1.72861e+06
-0.035 0.087 1.7434e+06
-0.035 0.09 1.75399e+06
-0.035 0.093 1.76035e+06
-0.035 0.096 1.76248e+06
-0.035 0.099 1.76035e+06
-0.035 0.102 1.75399e+06
-0.035 0.105 1.7434e+06
-0.035 0.108 1.72861e+06
-0.035 0.111 1.70966e+06
-0.035 0.114 1.68658e+06
-0.035 0.117 1.65945e+06
-0.035 0.12 1.62832e+06
-0.035 0.123 1.59326e+06
-0.035 0.126 1.55437e+06
-0.035 0.129 1.51173e+06
-0.035 0.132 1.46545e+06
-0.035 0.135 1.41563e+06
-0.035 0.138 1.36241e+06
-0.035 0.141 1.30591e+06
-0.035 0.144 1.24626e+06
-0.035 0.147 1.18361e+06
-0.035 0.15 1.1181e+06
-0.035 0.153 1.04991e+06
-0.035 0.156 979179
-0.035 0.159 906094
-0.035 0.162 830825
-0.035 0.165 753556
-0.035 0.168 674470
-0.035 0.171 593760
-0.035 0.174 511620
-0.035 0.177 428247
-0.035 0.18 343842
-0.035 0.183 258609
-0.035 0.186 172753
-0.035 0.189 86480.6
-0.032 0 0
-0.032 0.003 89035.4
-0.032 0.006 177856
-0.032 0.009 266249
-0.032 0.012 354000
-0.032 0.015 440898
-0.032 0.018 526734
-0.032 0.021 611301
-0.032 0.024 694395
-0.032 0.027 775817
-0.032 0.03 855369
-0.032 0.033 932861
-0.032 0.036 1.00811e+06
-0.032 0.039 1.08092e+06
-0.032 0.042 1.15113e+06
-0.032 0.045 1.21857e+06
-0.032 0.048 1.28308e+06
-0.032 0.051 1.34449e+06
-0.032 0.054 1.40266e+06
-0.032 0.057 1.45745e+06
-0.032 0.06 1.50874e+06
-0.032 0.063 1.55639e+06
-0.032 0.066 1.60028e+06
-0.032 0.069 1.64033e+06
-0.032 0.072 1.67642e+06
-0.032 0.075 1.70847e+06
-0.032 0.078 1.73641e+06
-0.032 0.081 1.76016e+06
-0.032 0.084 1.77968e+06
-0.032 0.087 1.7949e+06
-0.032 0.09 1.80581e+06
-0.032 0.093 1.81236e+06
-0.032 0.096 1.81454e+06
-0.032 0.099 1.81236e+06
-0.032 0.102 1.80581e+06
-0.032 0.105 1.7949e+06
-0.032 0.108 1.77968e+06
-0.032 0.111 1.76016e+06
-0.032 0.114 1.73641e+06
-0.032 0.117 1.70847e+06
-0.032 0.12 1.67642e+06
-0.032 0.123 1.64033e+06
-0.032 0.126 1.60028e+06
-0.032 0.129 1.55639e+06
-0.032 0.132 1.50874e+06
-0.032 0.135 1.45745e+06
-0.032 0.138 1.40266e+06
-0.032 0.141 1.34449e+06
-0.032 0.144 1.28308e+06
-0.032 0.147 1.21857e+06
-0.032 0.15 1.15113e+06
-0.032 0.153 1.08092e+06
-0.032 0.156 1.00811e+06
-0.032 0.159 932861
-0.032 0.162 855369
-0.032 0.165 775817
-0.032 0.168 694395
-0.032 0.171 611301
-0.032 0.174 526734
-0.032 0.177 440898
-0.032 0.18 354000
-0.032 0.183 266249
-0.032 0.186 177856
-0.032 0.189 89035.4
-0.029 0 0
-0.029 0.003 91392.1
-0.029 0.006 182564
-0.029 0.009 273296
-0.029 0.012 363370
-0.029 0.015 452568
-0.029 0.018 540677
-0.029 0.021 627482
-0.029 0.024 712776
-0.029 0.027 796353
-0.029 0.03 878011
-0.029 0.033 957554
-0.029 0.036 1.03479e+06
-0.029 0.039 1.10953e+06
-0.029 0.042 1.1816e+06
-0.029 0.045 1.25083e+06
-0.029 0.048 1.31704e+06
-0.029 0.051 1.38008e+06
-0.029 0.054 1.43979e+06
-0.029 0.057 1.49603e+06
-0.029 0.06 1.54867e+06
-0.029 0.063 1.59758e+06
-0.029 0.066 1.64264e+06
-0.029 0.069 1.68375e+06
-0.029 0.072 1.72079e+06
-0.029 0.075 1.75369e+06
-0.029 0.078 1.78237e+06
-0.029 0.081 1.80675e+06
-0.029 0.084 1.82678e+06
-0.029 0.087 1.84241e+06
-0.029 0.09 1.8536e+06
-0.029 0.093 1.86033e+06
-0.029 0.096 1.86257e+06
-0.029 0.099 1.86033e+06
-0.029 0.102 1.8536e+06
-0.029 0.105 1.84241e+06
-0.029 0.108 1.82678e+06
-0.029 0.111 1.80675e+06
-0.029 0.114 1.78237e+06
-0.029 0.117 1.75369e+06
-0.029 0.12 1.72079e+06
-0.029 0.123 1.68375e+06
-0.029 0.126 1.64264e+06
-0.029 0.129 1.59758e+06
-0.029 0.132 1.54867e+06
-0.029 0.135 1.49603e+06
-0.029 0.138 1.43979e+06
-0.029 0.141 1.38008e+06
-0.029 0.144 1.31704e+06
-0.029 0.147 1.25083e+06
-0.029 0.15 1.1816e+06
-0.029 0.153 1.10953e+06
-0.029 0.156 1.03479e+06
-0.029 0.159 957554
-0.029 0.162 878011
-0.029 0.165 796353
-0.029 0.168 712776
-0.029 0.171 627482
-0.029 0.174 540677
-0.029 0.177 452568
-0.029 0.18 363370
-0.029 0.183 273296
-0.029 0.186 182564
-0.029 0.189 91392.1
-0.026 0 0
-0.026 0.003 93542.4
-0.026 0.006 186860
-0.026 0.009 279726
-0.026 0.012 371919
-0.026 0.015 463217
-0.026 0.018 553398
-0.026 0.021 642246
-0.026 0.024 729546
-0.026 0.027 815089
-0.026 0.03 898669
-0.026 0.033 980084
-0.026 0.036 1.05914e+06
-0.026 0.039 1.13564e+06
-0.026 0.042 1.20941e+06
-0.026 0.045 1.28026e+06
-0.026 0.048 1.34803e+06
-0.026 0.051 1.41255e+06
-0.026 0.054 1.47366e+06
-0.026 0.057 1.53123e+06
-0.026 0.06 1.58511e+06
-0.026 0.063 1.63517e+06
-0.026 0.066 1.68129e+06
-0.026 0.069 1.72336e+06
-0.026 0.072 1.76128e+06
-0.026 0.075 1.79496e+06
-0.026 0.078 1.82431e+06
-0.026 0.081 1.84926e+06
-0.026 0.084 1.86977e+06
-0.026 0.087 1.88576e+06
-0.026 0.09 1.89722e+06
-0.026 0.093 1.9041e+06
-0.026 0.096 1.9064e+06
-0.026 0.099 1.9041e+06
-0.026 0.102 1.89722e+06
-0.026 0.105 1.88576e+06
-0.026 0.108 1.86977e+06
-0.026 0.111 1.84926e+06
-0.026 0.114 1.82431e+06
-0.026 0.117 1.79496e+06
-0.026 0.12 1.76128e+06
-0.026 0.123 1.72336e+06
-0.026 0.126 1.68129e+06
-0.026 0.129 1.63517e+06
-0.026 0.132 1.58511e+06
-0.026 0.135 1.53123e+06
-0.026 0.138 1.47366e+06
-0.026 0.141 1.41255e+06
-0.026 0.144 1.34803e+06
-0.026 0.147 1.28026e+06
-0.026 0.15 1.20941e+06
-0.026 0.153 1.13564e+06
-0.026 0.156 1.05914e+06
-0.026 0.159 980084
-0.026 0.162 898669
-0.026 0.165 815089
-0.026 0.168 729546
-0.026 0.171 642246
-0.026 0.174 553398
-0.026 0.177 463217
-0.026 0.18 371919
-0.026 0.183 279726
-0.026 0.186 186860
-0.026 0.189 93542.4
-0.023 0 0
-0.023 0.003 95478.5
-0.023 0.006 190727
-0.023 0.009 285516
-0.023 0.012 379617
-0.023 0.015 472804
-0.023 0.018 564852
-0.023 0.021 655538
-0.023 0.024 744646
-0.023 0.027 831960
-0.023 0.03 917269
-0.023 0.033 1.00037e+06
-0.023 0.036 1.08106e+06
-0.023 0.039 1.15914e+06
-0.023 0.042 1.23444e+06
-0.023 0.045 1.30676e+06
-0.023 0.048 1.37593e+06
-0.023 0.051 1.44178e+06
-0.023 0.054 1.50417e+06
-0.023 0.057 1.56292e+06
-0.023 0.06 1.61792e+06
-0.023 0.063 1.66901e+06
-0.023 0.066 1.71609e+06
-0.023 0.069 1.75903e+06
-0.023 0.072 1.79773e+06
-0.023 0.075 1.83211e+06
-0.023 0.078 1.86207e+06
-0.023 0.081 1.88754e+06
-0.023 0.084 1.90847e+06
-0.023 0.087 1.92479e+06
-0.023 0.09 1.93648e+06
-0.023 0.093 1.94351e+06
-0.023 0.096 1.94585e+06
-0.023 0.099 1.94351e+06
-0.023 0.102 1.93648e+06
-0.023 0.105 1.92479e+06
-0.023 0.108 1.90847e+06
-0.023 0.111 1.88754e+06
-0.023 0.114 1.86207e+06
-0.023 0.117 1.83211e+06
-0.023 0.12 1.79773e+06
-0.023 0.123 1.75903e+06
-0.023 0.126 1.71609e+06
-0.023 0.129 1.66901e+06
-0.023 0.132 1.61792e+06
-0.023 0.135 1.56292e+06
-0.023 0.138 1.50417e+06
-0.023 0.141 1.44178e+06
-0.023 0.144 1.37593e+06
-0.023 0.147 1.30676e+06
-0.023 0.15 1.23444e+06
-0.023 0.153 1.15914e+06
-0.023 0.156 1.08106e+06
-0.023 0.159 1.00037e+06
-0.023 0.162 917269
-0.023 0.165 831960
-0.023 0.168 744646
-0.023 0.171 655538
-0.023 0.174 564852
-0.023 0.177 472804
-0.023 0.18 379617
-0.023 0.183 285516
-0.023 0.186 190727
-0.023 0.189 95478.5
-0.02 0 0
-0.02 0.003 97193.5
-0.02 0.006 194153
-0.02 0.009 290644
-0.02 0.012 386436
-0.02 0.015 481296
-0.02 0.018 574997
-0.02 0.021 667313
-0.02 0.024 758021
-0.02 0.027 846903
-0.02 0.03 933745
-0.02 0.033 1.01834e+06
-0.02 0.036 1.10048e+06
-0.02 0.039 1.17996e+06
-0.02 0.042 1.25661e+06
-0.02 0.045 1.33023e+06
-0.02 0.048 1.40064e+06
-0.02 0.051 1.46768e+06
-0.02 0.054 1.53118e+06
-0.02 0.057 1.591e+06
-0.02 0.06 1.64698e+06
-0.02 0.063 1.69899e+06
-0.02 0.066 1.74691e+06
-0.02 0.069 1.79063e+06
-0.02 0.072 1.83003e+06
-0.02 0.075 1.86502e+06
-0.02 0.078 1.89551e+06
-0.02 0.081 1.92144e+06
-0.02 0.084 1.94274e+06
-0.02 0.087 1.95937e+06
-0.02 0.09 1.97127e+06
-0.02 0.093 1.97842e+06
-0.02 0.096 1.98081e+06
-0.02 0.099 1.97842e+06
-0.02 0.102 1.97127e+06
-0.02 0.105 1.95937e+06
-0.02 0.108 1.94274e+06
-0.02 0.111 1.92144e+06
-0.02 0.114 1.89551e+06
-0.02 0.117 1.86502e+06
-0.02 0.12 1.83003e+06
-0.02 0.123 1.79063e+06
-0.02 0.126 1.74691e+06
-0.02 0.129 1.69899e+06
-0.02 0.132 1.64698e+06
-0.02 0.135 1.591e+06
-0.02 0.138 1.53118e+06
-0.02 0.141 1.46768e+06
-0.02 0.144 1.40064e+06
-0.02 0.147 1.33023e+06
-0.02 0.15 1.25661e+06
-0.02 0.153 1.17996e+06
-0.02 0.156 1.10048e+06
-0.02 0.159 1.01834e+06
-0.02 0.162 933745
-0.02 0.165 846903
-0.02 0.168 758021
-0.02 0.171 667313
-0.02 0.174 574997
-0.02 0.177 481296
-0.02 0.18 386436
-0.02 0.183 290644
-0.02 0.186 194153
-0.02 0.189 97193.5
-0.017 0 0
-0.017 0.003 98681.1
-0.017 0.006 197125
-0.017 0.009 295093
-0.017 0.012 392351
-0.017 0.015 488663
-0.017 0.018 583798
-0.017 0.021 677527
-0.017 0.024 769624
-0.017 0.027 859866
-0.017 0.03 948037
-0.017 0.033 1.03392e+06
-0.017 0.036 1.11732e+06
-0.017 0.039 1.19802e+06
-0.017 0.042 1.27584e+06
-0.017 0.045 1.35059e+06
-0.017 0.048 1.42208e+06
-0.017 0.051 1.49014e+06
-0.017 0.054 1.55462e+06
-0.017 0.057 1.61535e+06
-0.017 0.06 1.67219e+06
-0.017 0.063 1.725e+06
-0.017 0.066 1.77365e+06
-0.017 0.069 1.81803e+06
-0.017 0.072 1.85804e+06
-0.017 0.075 1.89356e+06
-0.017 0.078 1.92453e+06
-0.017 0.081 1.95085e+06
-0.017 0.084 1.97248e+06
-0.017 0.087 1.98936e+06
-0.017 0.09 2.00144e+06
-0.017 0.093 2.0087e+06
-0.017 0.096 2.01112e+06
-0.017 0.099 2.0087e+06
-0.017 0.102 2.00144e+06
-0.017 0.105 1.98936e+06
-0.017 0.108 1.97248e+06
-0.017 0.111 1.95085e+06
-0.017 0.114 1.92453e+06
-0.017 0.117 1.89356e+06
-0.017 0.12 1.85804e+06
-0.017 0.123 1.81803e+06
-0.017 0.126 1.77365e+06
-0.017 0.129 1.725e+06
-0.017 0.132 1.67219e+06
-0.017 0.135 1.61535e+06
-0.017 0.138 1.55462e+06
-0.017 0.141 1.49014e+06
-0.017 0.144 1.42208e+06
-0.017 0.147 1.35059e+06
-0.017 0.15 1.27584e+06
-0.017 0.153 1.19802e+06
-0.017 0.156 1.11732e+06
-0.017 0.159 1.03392e+06
-0.017 0.162 948037
-0.017 0.165 859866
-0.017 0.168 769624
-0.017 0.171 677527
-0.017 0.174 583798
-0.017 0.177 488663
-0.017 0.18 392351
-0.017 0.183 295093
-0.017 0.186 197125
-0.017 0.189 98681.1
-0.014 0 0
-0.014 0.003 99936.1
-0.014 0.006 199632
-0.014 0.009 298846
-0.014 0.012 397341
-0.014 0.015 494878
-0.014 0.018 591223
-0.014 0.021 686144
-0.014 0.024 779411
-0.014 0.027 870802
-0.014 0.03 960094
-0.014 0.033 1.04707e+06
-0.014 0.036 1.13153e+06
-0.014 0.039 1.21326e+06
-0.014 0.042 1.29207e+06
-0.014 0.045 1.36776e+06
-0.014 0.048 1.44016e+06
-0.014 0.051 1.5091e+06
-0.014 0.054 1.57439e+06
-0.014 0.057 1.63589e+06
-0.014 0.06 1.69345e+06
-0.014 0.063 1.74694e+06
-0.014 0.066 1.79621e+06
-0.014 0.069 1.84116e+06
-0.014 0.072 1.88167e+06
-0.014 0.075 1.91764e+06
-0.014 0.078 1.949e+06
-0.014 0.081 1.97566e+06
-0.014 0.084 1.99757e+06
-0.014 0.087 2.01466e+06
-0.014 0.09 2.02689e+06
-0.014 0.093 2.03425e+06
-0.014 0.096 2.0367e+06
-0.014 0.099 2.03425e+06
-0.014 0.102 2.02689e+06
-0.014 0.105 2.01466e+06
-0.014 0.108 1.99757e+06
-0.014 0.111 1.97566e+06
-0.014 0.114 1.949e+06
-0.014 0.117 1.91764e+06
-0.014 0.12 1.88167e+06
-0.014 0.123 1.84116e+06
-0.014 0.126 1.79621e+06
-0.014 0.129 1.74694e+06
-0.014 0.132 1.69345e+06
-0.014 0.135 1.63589e+06
-0.014 0.138 1.57439e+06
-0.014 0.141 1.5091e+06
-0.014 0.144 1.44016e+06
-0.014 0.147 1.36776e+06
-0.014 0.15 1.29207e+06
-0.014 0.153 1.21326e+06
-0.014 0.156 1.13153e+06
-0.014 0.159 1.04707e+06
-0.014 0.162 960094
-0.014 0.165 870802
-0.014 0.168 779411
-0.014 0.171 686144
-0.014 0.174 591223
-0.014 0.177 494878
-0.014 0.18 397341
-0.014 0.183 298846
-0.014 0.186 199632
-0.014 0.189 99936.1
-0.011 0 0
-0.011 0.003 100954
-0.011 0.006 201665
-0.011 0.009 301890
-0.011 0.012 401387
-0.011 0.015 499918
-0.011 0.018 597244
-0.011 0.021 693132
-0.011 0.024 787349
-0.011 0.027 879670
-0.011 0.03 969872
-0.011 0.033 1.05774e+06
-0.011 0.036 1.14305e+06
-0.011 0.039 1.22562e+06
-0.011 0.042 1.30523e+06
-0.011 0.045 1.38169e+06
-0.011 0.048 1.45483e+06
-0.011 0.051 1.52446e+06
-0.011 0.054 1.59043e+06
-0.011 0.057 1.65255e+06
-0.011 0.06 1.7107e+06
-0.011 0.063 1.76473e+06
-0.011 0.066 1.8145e+06
-0.011 0.069 1.85991e+06
-0.011 0.072 1.90083e+06
-0.011 0.075 1.93717e+06
-0.011 0.078 1.96885e+06
-0.011 0.081 1.99578e+06
-0.011 0.084 2.01791e+06
-0.011 0.087 2.03517e+06
-0.011 0.09 2.04754e+06
-0.011 0.093 2.05497e+06
-0.011 0.096 2.05744e+06
-0.011 0.099 2.05497e+06
-0.011 0.102 2.04754e+06
-0.011 0.105 2.03517e+06
-0.011 0.108 2.01791e+06
-0.011 0.111 1.99578e+06
-0.011 0.114 1.96885e+06
-0.011 0.117 1.93717e+06
-0.011 0.12 1.90083e+06
-0.011 0.123 1.85991e+06
-0.011 0.126 1.8145e+06
-0.011 0.129 1.76473e+06
-0.011 0.132 1.7107e+06
-0.011 0.135 1.65255e+06
-0.011 0.138 1.59043e+06
-0.011 0.141 1.52446e+06
-0.011 0.144 1.45483e+06
-0.011 0.147 1.38169e+06
-0.011 0.15 1.30523e+06
-0.011 0.153 1.22562e+06
-0.011 0.156 1.14305e+06
-0.011 0.159 1.05774e+06
-0.011 0.162 969872
-0.011 0.165 879670
-0.011 0.168 787349
-0.011 0.171 693132
-0.011 0.174 597244
-0.011 0.177 499918
-0.011 0.18 401387
-0.011 0.183 301890
-0.011 0.186 201665
-0.011 0.189 100954
-0.008 0 0
-0.008 0.003 101731
-0.008 0.006 203217
-0.008 0.009 304213
-0.008 0.012 404476
-0.008 0.015 503765
-0.008 0.018 601841
-0.008 0.021 698466
-0.008 0.024 793409
-0.008 0.027 886441
-0.008 0.03 977336
-0.008 0.033 1.06588e+06
-0.008 0.036 1.15185e+06
-0.008 0.039 1.23505e+06
-0.008 0.042 1.31527e+06
-0.008 0.045 1.39233e+06
-0.008 0.048 1.46603e+06
-0.008 0.051 1.5362e+06
-0.008 0.054 1.60267e+06
-0.008 0.057 1.66527e+06
-0.008 0.06 1.72387e+06
-0.008 0.063 1.77831e+06
-0.008 0.066 1.82847e+06
-0.008 0.069 1.87422e+06
-0.008 0.072 1.91546e+06
-0.008 0.075 1.95208e+06
-0.008 0.078 1.984e+06
-0.008 0.081 2.01114e+06
-0.008 0.084 2.03344e+06
-0.008 0.087 2.05084e+06
-0.008 0.09 2.06329e+06
-0.008 0.093 2.07078e+06
-0.008 0.096 2.07328e+06
-0.008 0.099 2.07078e+06
-0.008 0.102 2.06329e+06
-0.008 0.105 2.05084e+06
-0.008 0.108 2.03344e+06
-0.008 0.111 2.01114e+06
-0.008 0.114 1.984e+06
-0.008 0.117 1.95208e+06
-0.008 0.12 1.91546e+06
-0.008 0.123 1.87422e+06
-0.008 0.126 1.82847e+06
-0.008 0.129 1.77831e+06
-0.008 0.132 1.72387e+06
-0.008 0.135 1.66527e+06
-0.008 0.138 1.60267e+06
-0.008 0.141 1.5362e+06
-0.008 0.144 1.46603e+06
-0.008 0.147 1.39233e+06
-0.008 0.15 1.31527e+06
-0.008 0.153 1.23505e+06
-0.008 0.156 1.15185e+06
-0.008 0.159 1.06588e+06
-0.008 0.162 977336
-0.008 0.165 886441
-0.008 0.168 793409
-0.008 0.171 698466
-0.008 0.174 601841
-0.008 0.177 503765
-0.008 0.18 404476
-0.008 0.183 304213
-0.008 0.186 203217
-0.008 0.189 101731
-0.005 0 0
-0.005 0.003 102264
-0.005 0.006 204282
-0.005 0.009 305808
-0.005 0.012 406597
-0.005 0.015 506406
-0.005 0.018 604996
-0.005 0.021 702128
-0.005 0.024 797569
-0.005 0.027 891088
-0.005 0.03 982460
-0.005 0.033 1.07147e+06
-0.005 0.036 1.15789e+06
-0.005 0.039 1.24152e+06
-0.005 0.042 1.32217e+06
-0.005 0.045 1.39963e+06
-0.005 0.048 1.47371e+06
-0.005 0.051 1.54425e+06
-0.005 0.054 1.61107e+06
-0.005 0.057 1.674e+06
-0.005 0.06 1.73291e+06
-0.005 0.063 1.78763e+06
-0.005 0.066 1.83805e+06
-0.005 0.069 1.88405e+06
-0.005 0.072 1.9255e+06
-0.005 0.075 1.96232e+06
-0.005 0.078 1.9944e+06
-0.005 0.081 2.02169e+06
-0.005 0.084 2.0441e+06
-0.005 0.087 2.06159e+06
-0.005 0.09 2.07411e+06
-0.005 0.093 2.08164e+06
-0.005 0.096 2.08415e+06
-0.005 0.099 2.08164e+06
-0.005 0.102 2.07411e+06
-0.005 0.105 2.06159e+06
-0.005 0.108 2.0441e+06
-0.005 0.111 2.02169e+06
-0.005 0.114 1.9944e+06
-0.005 0.117 1.96232e+06
-0.005 0.12 1.9255e+06
-0.005 0.123 1.88405e+06
-0.005 0.126 1.83805e+06
-0.005 0.129 1.78763e+06
-0.005 0.132 1.73291e+06
-0.005 0.135 1.674e+06
-0.005 0.138 1.61107e+06
-0.005 0.141 1.54425e+06
-0.005 0.144 1.47371e+06
-0.005 0.147 1.39963e+06
-0.005 0.15 1.32217e+06
-0.005 0.153 1.24152e+06
-0.005 0.156 1.15789e+06
-0.005 0.159 1.07147e+06
-0.005 0.162 982460
-0.005 0.165 891088
-0.005 0.168 797569
-0.005 0.171 702128
-0.005 0.174 604996
-0.005 0.177 506406
-0.005 0.18 406597
-0.005 0.183 305808
-0.005 0.186 204282
-0.005 0.189 102264
-0.002 0 0
-0.002 0.003 102552
-0.002 0.006 204857
-0.002 0.009 306668
-0.002 0.012 407741
-0.002 0.015 507831
-0.002 0.018 606698
-0.002 0.021 704104
-0.002 0.024 799813
-0.002 0.027 893595
-0.002 0.03 985225
-0.002 0.033 1.07448e+06
-0.002 0.036 1.16115e+06
-0.002 0.039 1.24502e+06
-0.002 0.042 1.32589e+06
-0.002 0.045 1.40357e+06
-0.002 0.048 1.47786e+06
-0.002 0.051 1.5486e+06
-0.002 0.054 1.6156e+06
-0.002 0.057 1.67871e+06
-0.002 0.06 1.73778e+06
-0.002 0.063 1.79266e+06
-0.002 0.066 1.84323e+06
-0.002 0.069 1.88935e+06
-0.002 0.072 1.93092e+06
-0.002 0.075 1.96784e+06
-0.002 0.078 2.00002e+06
-0.002 0.081 2.02738e+06
-0.002 0.084 2.04985e+06
-0.002 0.087 2.06739e+06
-0.002 0.09 2.07995e+06
-0.002 0.093 2.08749e+06
-0.002 0.096 2.09001e+06
-0.002 0.099 2.08749e+06
-0.002 0.102 2.07995e+06
-0.002 0.105 2.06739e+06
-0.002 0.108 2.04985e+06
-0.002 0.111 2.02738e+06
-0.002 0.114 2.00002e+06
-0.002 0.117 1.96784e+06
-0.002 0.12 1.93092e+06
-0.002 0.123 1.88935e+06
-0.002 0.126 1.84323e+06
-0.002 0.129 1.79266e+06
-0.002 0.132 1.73778e+06
-0.002 0.135 1.67871e+06
-0.002 0.138 1.6156e+06
-0.002 0.141 1.5486e+06
-0.002 0.144 1.47786e+06
-0.002 0.147 1.40357e+06
-0.002 0.15 1.32589e+06
-0.002 0.153 1.24502e+06
-0.002 0.156 1.16115e+06
-0.002 0.159 1.07448e+06
-0.002 0.162 985225
-0.002 0.165 893595
-0.002 0.168 799813
-0.002 0.171 704104
-0.002 0.174 606698
-0.002 0.177 507831
-0.002 0.18 407741
-0.002 0.183 306668
-0.002 0.186 204857
-0.002 0.189 102552
0.001 0 0
0.001 0.003 102593
0.001 0.006 204939
0.001 0.009 306791
0.001 0.012 407905
0.001 0.015 508035
0.001 0.018 606942
0.001 0.021 704386
0.001 0.024 800134
0.001 0.027 893954
0.001 0.03 985620
0.001 0.033 1.07491e+06
0.001 0.036 1.16161e+06
0.001 0.039 1.24552e+06
0.001 0.042 1.32642e+06
0.001 0.045 1.40413e+06
0.001 0.048 1.47845e+06
0.001 0.051 1.54922e+06
0.001 0.054 1.61625e+06
0.001 0.057 1.67939e+06
0.001 0.06 1.73848e+06
0.001 0.063 1.79338e+06
0.001 0.066 1.84396e+06
0.001 0.069 1.89011e+06
0.001 0.072 1.93169e+06
0.001 0.075 1.96863e+06
0.001 0.078 2.00082e+06
0.001 0.081 2.02819e+06
0.001 0.084 2.05067e+06
0.001 0.087 2.06822e+06
0.001 0.09 2.08078e+06
0.001 0.093 2.08833e+06
0.001 0.096 2.09085e+06
0.001 0.099 2.08833e+06
0.001 0.102 2.08078e+06
0.001 0.105 2.06822e+06
0.001 0.108 2.05067e+06
0.001 0.111 2.02819e+06
0.001 0.114 2.00082e+06
0.001 0.117 1.96863e+06
0.001 0.12 1.93169e+06
0.001 0.123 1.89011e+06
0.001 0.126 1.84396e+06
0.001 0.129 1.79338e+06
0.001 0.132 1.73848e+06
0.001 0.135 1.67939e+06
0.001 0.138 1.61625e+06
0.001 0.141 1.54922e+06
0.001 0.144 1.47845e+06
0.001 0.147 1.40413e+06
0.001 0.15 1.32642e+06
0.001 0.153 1.24552e+06
0.001 0.156 1.16161e+06
0.001 0.159 1.07491e+06
0.001 0.162 985620
0.001 0.165 893954
0.001 0.168 800134
0.001 0.171 704386
0.001 0.174 606942
0.001 0.177 508035
0.001 0.18 407905
0.001 0.183 306791
0.001 0.186 204939
0.001 0.189 102593
0.004 0 0
0.004 0.003 102388
0.004 0.006 204528
0.004 0.009 306177
0.004 0.012 407087
0.004 0.015 507017
0.004 0.018 605725
0.004 0.021 702974
0.004 0.024 798530
0.004 0.027 892162
0.004 0.03 983644
0.004 0.033 1.07276e+06
0.004 0.036 1.15929e+06
0.004 0.039 1.24302e+06
0.004 0.042 1.32376e+06
0.004 0.045 1.40131e+06
0.004 0.048 1.47549e+06
0.004 0.051 1.54611e+06
0.004 0.054 1.61301e+06
0.004 0.057 1.67602e+06
0.004 0.06 1.73499e+06
0.004 0.063 1.78979e+06
0.004 0.066 1.84027e+06
0.004 0.069 1.88632e+06
0.004 0.072 1.92782e+06
0.004 0.075 1.96468e+06
0.004 0.078 1.99681e+06
0.004 0.081 2.02412e+06
0.004 0.084 2.04656e+06
0.004 0.087 2.06407e+06
0.004 0.09 2.07661e+06
0.004 0.093 2.08415e+06
0.004 0.096 2.08666e+06
0.004 0.099 2.08415e+06
0.004 0.102 2.07661e+06
0.004 0.105 2.06407e+06
0.004 0.108 2.04656e+06
0.004 0.111 2.02412e+06
0.004 0.114 1.99681e+06
0.004 0.117 1.96468e+06
0.004 0.12 1.92782e+06
0.004 0.123 1.88632e+06
0.004 0.126 1.84027e+06
0.004 0.129 1.78979e+06
0.004 0.132 1.73499e+06
0.004 0.135 1.67602e+06
0.004 0.138 1.61301e+06
0.004 0.141 1.54611e+06
0.004 0.144 1.47549e+06
0.004 0.147 1.40131e+06
0.004 0.15 1.32376e+06
0.004 0.153 1.24302e+06
0.004 0.156 1.15929e+06
0.004 0.159 1.07276e+06
0.004 0.162 983644
0.004 0.165 892162
0.004 0.168 798530
0.004 0.171 702974
0.004 0.174 605725
0.004 0.177 507017
0.004 0.18 407087
0.004 0.183 306177
0.004 0.186 204528
0.004 0.189 102388
0.007 0 0
0.007 0.003 101936
0.007 0.006 203626
0.007 0.009 304826
0.007 0.012 405291
0.007 0.015 504780
0.007 0.018 603053
0.007 0.021 699874
0.007 0.024 795008
0.007 0.027 888227
0.007 0.03 979306
0.007 0.033 1.06803e+06
0.007 0.036 1.15417e+06
0.007 0.039 1.23754e+06
0.007 0.042 1.31792e+06
0.007 0.045 1.39513e+06
0.007 0.048 1.46898e+06
0.007 0.051 1.53929e+06
0.007 0.054 1.60589e+06
0.007 0.057 1.66863e+06
0.007 0.06 1.72734e+06
0.007 0.063 1.78189e+06
0.007 0.066 1.83215e+06
0.007 0.069 1.878e+06
0.007 0.072 1.91932e+06
0.007 0.075 1.95602e+06
0.007 0.078 1.988e+06
0.007 0.081 2.0152e+06
0.007 0.084 2.03754e+06
0.007 0.087 2.05497e+06
0.007 0.09 2.06745e+06
0.007 0.093 2.07495e+06
0.007 0.096 2.07746e+06
0.007 0.099 2.07495e+06
0.007 0.102 2.06745e+06
0.007 0.105 2.05497e+06
0.007 0.108 2.03754e+06
0.007 0.111 2.0152e+06
0.007 0.114 1.988e+06
0.007 0.117 1.95602e+06
0.007 0.12 1.91932e+06
0.007 0.123 1.878e+06
0.007 0.126 1.83215e+06
0.007 0.129 1.78189e+06
0.007 0.132 1.72734e+06
0.007 0.135 1.66863e+06
0.007 0.138 1.60589e+06
0.007 0.141 1.53929e+06
0.007 0.144 1.46898e+06
0.007 0.147 1.39513e+06
0.007 0.15 1.31792e+06
0.007 0.153 1.23754e+06
0.007 0.156 1.15417e+06
0.007 0.159 1.06803e+06
0.007 0.162 979306
0.007 0.165 888227
0.007 0.168 795008
0.007 0.171 699874
0.007 0.174 603053
0.007 0.177 504780
0.007 0.18 405291
0.007 0.183 304826
0.007 0.186 203626
0.007 0.189 101936
0.01 0 0
0.01 0.003 101240
0.01 0.006 202236
0.01 0.009 302745
0.01 0.012 402524
0.01 0.015 501334
0.01 0.018 598936
0.01 0.021 695095
0.01 0.024 789579
0.01 0.027 882162
0.01 0.03 972619
0.01 0.033 1.06073e+06
0.01 0.036 1.14629e+06
0.01 0.039 1.22909e+06
0.01 0.042 1.30892e+06
0.01 0.045 1.38561e+06
0.01 0.048 1.45895e+06
0.01 0.051 1.52878e+06
0.01 0.054 1.59493e+06
0.01 0.057 1.65723e+06
0.01 0.06 1.71555e+06
0.01 0.063 1.76973e+06
0.01 0.066 1.81964e+06
0.01 0.069 1.86517e+06
0.01 0.072 1.90621e+06
0.01 0.075 1.94266e+06
0.01 0.078 1.97443e+06
0.01 0.081 2.00144e+06
0.01 0.084 2.02363e+06
0.01 0.087 2.04094e+06
0.01 0.09 2.05333e+06
0.01 0.093 2.06078e+06
0.01 0.096 2.06327e+06
0.01 0.099 2.06078e+06
0.01 0.102 2.05333e+06
0.01 0.105 2.04094e+06
0.01 0.108 2.02363e+06
0.01 0.111 2.00144e+06
0.01 0.114 1.97443e+06
0.01 0.117 1.94266e+06
0.01 0.12 1.90621e+06
0.01 0.123 1.86517e+06
0.01 0.126 1.81964e+06
0.01 0.129 1.76973e+06
0.01 0.132 1.71555e+06
0.01 0.135 1.65723e+06
0.01 0.138 1.59493e+06
0.01 0.141 1.52878e+06
0.01 0.144 1.45895e+06
0.01 0.147 1.38561e+06
0.01 0.15 1.30892e+06
0.01 0.153 1.22909e+06
0.01 0.156 1.14629e+06
0.01 0.159 1.06073e+06
0.01 0.162 972619
0.01 0.165 882162
0.01 0.168 789579
0.01 0.171 695095
0.01 0.174 598936
0.01 0.177 501334
0.01 0.18 402524
0.01 0.183 302745
0.01 0.186 202236
0.01 0.189 101240
0.013 0 0
0.013 0.003 100302
0.013 0.006 200362
0.013 0.009 299940
0.013 0.012 398795
0.013 0.015 496689
0.013 0.018 593387
0.013 0.021 688655
0.013 0.024 782265
0.013 0.027 873989
0.013 0.03 963608
0.013 0.033 1.05091e+06
0.013 0.036 1.13567e+06
0.013 0.039 1.2177e+06
0.013 0.042 1.2968e+06
0.013 0.045 1.37277e+06
0.013 0.048 1.44544e+06
0.013 0.051 1.51462e+06
0.013 0.054 1.58015e+06
0.013 0.057 1.64188e+06
0.013 0.06 1.69965e+06
0.013 0.063 1.75333e+06
0.013 0.066 1.80278e+06
0.013 0.069 1.84789e+06
0.013 0.072 1.88855e+06
0.013 0.075 1.92466e+06
0.013 0.078 1.95614e+06
0.013 0.081 1.98289e+06
0.013 0.084 2.00488e+06
0.013 0.087 2.02203e+06
0.013 0.09 2.03431e+06
0.013 0.093 2.04169e+06
0.013 0.096 2.04416e+06
0.013 0.099 2.04169e+06
0.013 0.102 2.03431e+06
0.013 0.105 2.02203e+06
0.013 0.108 2.00488e+06
0.013 0.111 1.98289e+06
0.013 0.114 1.95614e+06
0.013 0.117 1.92466e+06
0.013 0.12 1.88855e+06
0.013 0.123 1.84789e+06
0.013 0.126 1.80278e+06
0.013 0.129 1.75333e+06
0.013 0.132 1.69965e+06
0.013 0.135 1.64188e+06
0.013 0.138 1.58015e+06
0.013 0.141 1.51462e+06
0.013 0.144 1.44544e+06
0.013 0.147 1.37277e+06
0.013 0.15 1.2968e+06
0.013 0.153 1.2177e+06
0.013 0.156 1.13567e+06
0.013 0.159 1.05091e+06
0.013 0.162 963608
0.013 0.165 873989
0.013 0.168 782265
0.013 0.171 688655
0.013 0.174 593387
0.013 0.177 496689
0.013 0.18 398795
0.013 0.183 299940
0.013 0.186 200362
0.013 0.189 100302
0.016 0 0
0.016 0.003 99125.6
0.016 0.006 198012
0.016 0.009 296422
0.016 0.012 394118
0.016 0.015 490864
0.016 0.018 586428
0.016 0.021 680578
0.016 0.024 773090
0.016 0.027 863739
0.016 0.03 952307
0.016 0.033 1.03858e+06
0.016 0.036 1.12235e+06
0.016 0.039 1.20342e+06
0.016 0.042 1.28159e+06
0.016 0.045 1.35667e+06
0.016 0.048 1.42848e+06
0.016 0.051 1.49686e+06
0.016 0.054 1.56162e+06
0.016 0.057 1.62262e+06
0.016 0.06 1.67972e+06
0.016 0.063 1.73277e+06
0.016 0.066 1.78164e+06
0.016 0.069 1.82622e+06
0.016 0.072 1.8664e+06
0.016 0.075 1.90209e+06
0.016 0.078 1.93319e+06
0.016 0.081 1.95964e+06
0.016 0.084 1.98136e+06
0.016 0.087 1.99832e+06
0.016 0.09 2.01045e+06
0.016 0.093 2.01775e+06
0.016 0.096 2.02018e+06
0.016 0.099 2.01775e+06
0.016 0.102 2.01045e+06
0.016 0.105 1.99832e+06
0.016 0.108 1.98136e+06
0.016 0.111 1.95964e+06
0.016 0.114 1.93319e+06
0.016 0.117 1.90209e+06
0.016 0.12 1.8664e+06
0.016 0.123 1.82622e+06
0.016 0.126 1.78164e+06
0.016 0.129 1.73277e+06
0.016 0.132 1.67972e+06
0.016 0.135 1.62262e+06
0.016 0.138 1.56162e+06
0.016 0.141 1.49686e+06
0.016 0.144 1.42848e+06
0.016 0.147 1.35667e+06
0.016 0.15 1.28159e+06
0.016 0.153 1.20342e+06
0.016 0.156 1.12235e+06
0.016 0.159 1.03858e+06
0.016 0.162 952307
0.016 0.165 863739
0.016 0.168 773090
0.016 0.171 680578
0.016 0.174 586428
0.016 0.177 490864
0.016 0.18 394118
0.016 0.183 296422
0.016 0.186 198012
0.016 0.189 99125.6
0.019 0 0
0.019 0.003 97714.9
0.019 0.006 195194
0.019 0.009 292204
0.019 0.012 388509
0.019 0.015 483878
0.019 0.018 578082
0.019 0.021 670893
0.019 0.024 762088
0.019 0.027 851447
0.019 0.03 938754
0.019 0.033 1.0238e+06
0.019 0.036 1.10638e+06
0.019 0.039 1.18629e+06
0.019 0.042 1.26335e+06
0.019 0.045 1.33736e+06
0.019 0.048 1.40815e+06
0.019 0.051 1.47555e+06
0.019 0.054 1.5394e+06
0.019 0.057 1.59953e+06
0.019 0.06 1.65581e+06
0.019 0.063 1.70811e+06
0.019 0.066 1.75629e+06
0.019 0.069 1.80023e+06
0.019 0.072 1.83984e+06
0.019 0.075 1.87502e+06
0.019 0.078 1.90568e+06
0.019 0.081 1.93175e+06
0.019 0.084 1.95317e+06
0.019 0.087 1.96988e+06
0.019 0.09 1.98184e+06
0.019 0.093 1.98903e+06
0.019 0.096 1.99143e+06
0.019 0.099 1.98903e+06
0.019 0.102 1.98184e+06
0.019 0.105 1.96988e+06
0.019 0.108 1.95317e+06
0.019 0.111 1.93175e+06
0.019 0.114 1.90568e+06
0.019 0.117 1.87502e+06
0.019 0.12 1.83984e+06
0.019 0.123 1.80023e+06
0.019 0.126 1.75629e+06
0.019 0.129 1.70811e+06
0.019 0.132 1.65581e+06
0.019 0.135 1.59953e+06
0.019 0.138 1.5394e+06
0.019 0.141 1.47555e+06
0.019 0.144 1.40815e+06
0.019 0.147 1.33736e+06
0.019 0.15 1.26335e+06
0.019 0.153 1.18629e+06
0.019 0.156 1.10638e+06
0.019 0.159 1.0238e+06
0.019 0.162 938754
0.019 0.165 851447
0.019 0.168 762088
0.019 0.171 670893
0.019 0.174 578082
0.019 0.177 483878
0.019 0.18 388509
0.019 0.183 292204
0.019 0.186 195194
0.019 0.189 97714.9
0.022 0 0
0.022 0.003 96075.1
0.022 0.006 191919
0.022 0.009 287300
0.022 0.012 381989
0.022 0.015 475758
0.022 0.018 568381
0.022 0.021 659634
0.022 0.024 749299
0.022 0.027 837158
0.022 0.03 923000
0.022 0.033 1.00662e+06
0.022 0.036 1.08781e+06
0.022 0.039 1.16639e+06
0.022 0.042 1.24215e+06
0.022 0.045 1.31492e+06
0.022 0.048 1.38452e+06
0.022 0.051 1.45079e+06
0.022 0.054 1.51356e+06
0.022 0.057 1.57269e+06
0.022 0.06 1.62803e+06
0.022 0.063 1.67944e+06
0.022 0.066 1.72681e+06
0.022 0.069 1.77002e+06
0.022 0.072 1.80897e+06
0.022 0.075 1.84355e+06
0.022 0.078 1.8737e+06
0.022 0.081 1.89933e+06
0.022 0.084 1.92039e+06
0.022 0.087 1.93682e+06
0.022 0.09 1.94858e+06
0.022 0.093 1.95565e+06
0.022 0.096 1.95801e+06
0.022 0.099 1.95565e+06
0.022 0.102 1.94858e+06
0.022 0.105 1.93682e+06
0.022 0.108 1.92039e+06
0.022 0.111 1.89933e+06
0.022 0.114 1.8737e+06
0.022 0.117 1.84355e+06
0.022 0.12 1.80897e+06
0.022 0.123 1.77002e+06
0.022 0.126 1.72681e+06
0.022 0.129 1.67944e+06
0.022 0.132 1.62803e+06
0.022 0.135 1.57269e+06
0.022 0.138 1.51356e+06
0.022 0.141 1.45079e+06
0.022 0.144 1.38452e+06
0.022 0.147 1.31492e+06
0.022 0.15 1.24215e+06
0.022 0.153 1.16639e+06
0.022 0.156 1.08781e+06
0.022 0.159 1.00662e+06
0.022 0.162 923000
0.022 0.165 837158
0.022 0.168 749299
0.022 0.171 659634
0.022 0.174 568381
0.022 0.177 475758
0.022 0.18 381989
0.022 0.183 287300
0.022 0.186 191919
0.022 0.189 96075.1
0.025 0 0
0.025 0.003 94212
0.025 0.006 188197
0.025 0.009 281729
0.025 0.012 374581
0.025 0.015 466532
0.025 0.018 557359
0.025 0.021 646842
0.025 0.024 734768
0.025 0.027 820923
0.025 0.03 905101
0.025 0.033 987098
0.025 0.036 1.06672e+06
0.025 0.039 1.14377e+06
0.025 0.042 1.21806e+06
0.025 0.045 1.28942e+06
0.025 0.048 1.35767e+06
0.025 0.051 1.42266e+06
0.025 0.054 1.48421e+06
0.025 0.057 1.54219e+06
0.025 0.06 1.59646e+06
0.025 0.063 1.64687e+06
0.025 0.066 1.69333e+06
0.025 0.069 1.7357e+06
0.025 0.072 1.77389e+06
0.025 0.075 1.8078e+06
0.025 0.078 1.83736e+06
0.025 0.081 1.8625e+06
0.025 0.084 1.88315e+06
0.025 0.087 1.89926e+06
0.025 0.09 1.9108e+06
0.025 0.093 1.91773e+06
0.025 0.096 1.92004e+06
0.025 0.099 1.91773e+06
0.025 0.102 1.9108e+06
0.025 0.105 1.89926e+06
0.025 0.108 1.88315e+06
0.025 0.111 1.8625e+06
0.025 0.114 1.83736e+06
0.025 0.117 1.8078e+06
0.025 0.12 1.77389e+06
0.025 0.123 1.7357e+06
0.025 0.126 1.69333e+06
0.025 0.129 1.64687e+06
0.025 0.132 1.59646e+06
0.025 0.135 1.54219e+06
0.025 0.138 1.48421e+06
0.025 0.141 1.42266e+06
0.025 0.144 1.35767e+06
0.025 0.147 1.28942e+06
0.025 0.15 1.21806e+06
0.025 0.153 1.14377e+06
0.025 0.156 1.06672e+06
0.025 0.159 987098
0.025 0.162 905101
0.025 0.165 820923
0.025 0.168 734768
0.025 0.171 646842
0.025 0.174 557359
0.025 0.177 466532
0.025 0.18 374581
0.025 0.183 281729
0.025 0.186 188197
0.025 0.189 94212
0.028 0 0
0.028 0.003 92132.2
0.028 0.006 184043
0.028 0.009 275509
0.028 0.012 366313
0.028 0.015 456233
0.028 0.018 545055
0.028 0.021 632563
0.028 0.024 718548
0.028 0.027 802802
0.028 0.03 885121
0.028 0.033 965308
0.028 0.036 1.04317e+06
0.028 0.039 1.11852e+06
0.028 0.042 1.19117e+06
0.028 0.045 1.26096e+06
0.028 0.048 1.3277e+06
0.028 0.051 1.39125e+06
0.028 0.054 1.45145e+06
0.028 0.057 1.50815e+06
0.028 0.06 1.56121e+06
0.028 0.063 1.61052e+06
0.028 0.066 1.65595e+06
0.028 0.069 1.69738e+06
0.028 0.072 1.73473e+06
0.028 0.075 1.7679e+06
0.028 0.078 1.79681e+06
0.028 0.081 1.82139e+06
0.028 0.084 1.84158e+06
0.028 0.087 1.85733e+06
0.028 0.09 1.86862e+06
0.028 0.093 1.87539e+06
0.028 0.096 1.87766e+06
0.028 0.099 1.87539e+06
0.028 0.102 1.86862e+06
0.028 0.105 1.85733e+06
0.028 0.108 1.84158e+06
0.028 0.111 1.82139e+06
0.028 0.114 1.79681e+06
0.028 0.117 1.7679e+06
0.028 0.12 1.73473e+06
0.028 0.123 1.69738e+06
0.028 0.126 1.65595e+06
0.028 0.129 1.61052e+06
0.028 0.132 1.56121e+06
0.028 0.135 1.50815e+06
0.028 0.138 1.45145e+06
0.028 0.141 1.39125e+06
0.028 0.144 1.3277e+06
0.028 0.147 1.26096e+06
0.028 0.15 1.19117e+06
0.028 0.153 1.11852e+06
0.028 0.156 1.04317e+06
0.028 0.159 965308
0.028 0.162 885121
0.028 0.165 802802
0.028 0.168 718548
0.028 0.171 632563
0.028 0.174 545055
0.028 0.177 456233
0.028 0.18 366313
0.028 0.183 275509
0.028 0.186 184043
0.028 0.189 92132.2
0.031 0 0
0.031 0.003 89843.4
0.031 0.006 179470
0.031 0.009 268665
0.031 0.012 357212
0.031 0.015 444899
0.031 0.018 531514
0.031 0.021 616849
0.031 0.024 700697
0.031 0.027 782858
0.031 0.03 863132
0.031 0.033 941327
0.031 0.036 1.01725e+06
0.031 0.039 1.09073e+06
0.031 0.042 1.16158e+06
0.031 0.045 1.22963e+06
0.031 0.048 1.29472e+06
0.031 0.051 1.35669e+06
0.031 0.054 1.41539e+06
0.031 0.057 1.47068e+06
0.031 0.06 1.52243e+06
0.031 0.063 1.57051e+06
0.031 0.066 1.61481e+06
0.031 0.069 1.65521e+06
0.031 0.072 1.69163e+06
0.031 0.075 1.72398e+06
0.031 0.078 1.75217e+06
0.031 0.081 1.77614e+06
0.031 0.084 1.79583e+06
0.031 0.087 1.81119e+06
0.031 0.09 1.82219e+06
0.031 0.093 1.8288e+06
0.031 0.096 1.83101e+06
0.031 0.099 1.8288e+06
0.031 0.102 1.82219e+06
0.031 0.105 1.81119e+06
0.031 0.108 1.79583e+06
0.031 0.111 1.77614e+06
0.031 0.114 1.75217e+06
0.031 0.117 1.72398e+06
0.031 0.12 1.69163e+06
0.031 0.123 1.65521e+06
0.031 0.126 1.61481e+06
0.031 0.129 1.57051e+06
0.031 0.132 1.52243e+06
0.031 0.135 1.47068e+06
0.031 0.138 1.41539e+06
0.031 0.141 1.35669e+06
0.031 0.144 1.29472e+06
0.031 0.147 1.22963e+06
0.031 0.15 1.16158e+06
0.031 0.153 1.09073e+06
0.031 0.156 1.01725e+06
0.031 0.159 941327
0.031 0.162 863132
0.031 0.165 782858
0.031 0.168 700697
0.031 0.171 616849
0.031 0.174 531514
0.031 0.177 444899
0.031 0.18 357212
0.031 0.183 268665
0.031 0.186 179470
0.031 0.189 89843.4
0.034 0 0
0.034 0.003 87353.6
0.034 0.006 174497
0.034 0.009 261220
0.034 0.012 347313
0.034 0.015 432570
0.034 0.018 516785
0.034 0.021 599754
0.034 0.024 681279
0.034 0.027 761163
0.034 0.03 839213
0.034 0.033 915241
0.034 0.036 989064
0.034 0.039 1.0605e+06
0.034 0.042 1.12939e+06
0.034 0.045 1.19556e+06
0.034 0.048 1.25884e+06
0.034 0.051 1.31909e+06
0.034 0.054 1.37617e+06
0.034 0.057 1.42993e+06
0.034 0.06 1.48024e+06
0.034 0.063 1.52699e+06
0.034 0.066 1.57006e+06
0.034 0.069 1.60934e+06
0.034 0.072 1.64475e+06
0.034 0.075 1.6762e+06
0.034 0.078 1.70361e+06
0.034 0.081 1.72692e+06
0.034 0.084 1.74606e+06
0.034 0.087 1.761e+06
0.034 0.09 1.7717e+06
0.034 0.093 1.77812e+06
0.034 0.096 1.78027e+06
0.034 0.099 1.77812e+06
0.034 0.102 1.7717e+06
0.034 0.105 1.761e+06
0.034 0.108 1.74606e+06
0.034 0.111 1.72692e+06
0.034 0.114 1.70361e+06
0.034 0.117 1.6762e+06
0.034 0.12 1.64475e+06
0.034 0.123 1.60934e+06
0.034 0.126 1.57006e+06
0.034 0.129 1.52699e+06
0.034 0.132 1.48024e+06
0.034 0.135 1.42993e+06
0.034 0.138 1.37617e+06
0.034 0.141 1.31909e+06
0.034 0.144 1.25884e+06
0.034 0.147 1.19556e+06
0.034 0.15 1.12939e+06
0.034 0.153 1.0605e+06
0.034 0.156 989064
0.034 0.159 915241
0.034 0.162 839213
0.034 0.165 761163
0.034 0.168 681279
0.034 0.171 599754
0.034 0.174 516785
0.034 0.177 432570
0.034 0.18 347313
0.034 0.183 261220
0.034 0.186 174497
0.034 0.189 87353.6
0.037 0 0
0.037 0.003 84671.9
0.037 0.006 169140
0.037 0.009 253200
0.037 0.012 336651
0.037 0.015 419290
0.037 0.018 500919
0.037 0.021 581342
0.037 0.024 660364
0.037 0.027 737795
0.037 0.03 813449
0.037 0.033 887143
0.037 0.036 958700
0.037 0.039 1.02795e+06
0.037 0.042 1.09472e+06
0.037 0.045 1.15885e+06
0.037 0.048 1.22019e+06
0.037 0.051 1.2786e+06
0.037 0.054 1.33392e+06
0.037 0.057 1.38603e+06
0.037 0.06 1.4348e+06
0.037 0.063 1.48011e+06
0.037 0.066 1.52186e+06
0.037 0.069 1.55994e+06
0.037 0.072 1.59426e+06
0.037 0.075 1.62474e+06
0.037 0.078 1.65131e+06
0.037 0.081 1.6739e+06
0.037 0.084 1.69246e+06
0.037 0.087 1.70694e+06
0.037 0.09 1.7173e+06
0.037 0.093 1.72354e+06
0.037 0.096 1.72561e+06
0.037 0.099 1.72354e+06
0.037 0.102 1.7173e+06
0.037 0.105 1.70694e+06
0.037 0.108 1.69246e+06
0.037 0.111 1.6739e+06
0.037 0.114 1.65131e+06
0.037 0.117 1.62474e+06
0.037 0.12 1.59426e+06
0.037 0.123 1.55994e+06
0.037 0.126 1.52186e+06
0.037 0.129 1.48011e+06
0.037 0.132 1.4348e+06
0.037 0.135 1.38603e+06
0.037 0.138 1.33392e+06
0.037 0.141 1.2786e+06
0.037 0.144 1.22019e+06
0.037 0.147 1.15885e+06
0.037 0.15 1.09472e+06
0.037 0.153 1.02795e+06
0.037 0.156 958700
0.037 0.159 887143
0.037 0.162 813449
0.037 0.165 737795
0.037 0.168 660364
0.037 0.171 581342
0.037 0.174 500919
0.037 0.177 419290
0.037 0.18 336651
0.037 0.183 253200
0.037 0.186 169140
0.037 0.189 84671.9
0.04 0 0
0.04 0.003 81807.7
0.04 0.006 163418
0.04 0.009 244635
0.04 0.012 325263
0.04 0.015 405107
0.04 0.018 483975
0.04 0.021 561677
0.04 0.024 638026
0.04 0.027 712838
0.04 0.03 785932
0.04 0.033 857133
0.04 0.036 926270
0.04 0.039 993175
0.04 0.042 1.05769e+06
0.04 0.045 1.11965e+06
0.04 0.048 1.17892e+06
0.04 0.051 1.23534e+06
0.04 0.054 1.2888e+06
0.04 0.057 1.33914e+06
0.04 0.06 1.38626e+06
0.04 0.063 1.43004e+06
0.04 0.066 1.47038e+06
0.04 0.069 1.50717e+06
0.04 0.072 1.54033e+06
0.04 0.075 1.56978e+06
0.04 0.078 1.59545e+06
0.04 0.081 1.61728e+06
0.04 0.084 1.63521e+06
0.04 0.087 1.6492e+06
0.04 0.09 1.65921e+06
0.04 0.093 1.66523e+06
0.04 0.096 1.66724e+06
0.04 0.099 1.66523e+06
0.04 0.102 1.65921e+06
0.04 0.105 1.6492e+06
0.04 0.108 1.63521e+06
0.04 0.111 1.61728e+06
0.04 0.114 1.59545e+06
0.04 0.117 1.56978e+06
0.04 0.12 1.54033e+06
0.04 0.123 1.50717e+06
0.04 0.126 1.47038e+06
0.04 0.129 1.43004e+06
0.04 0.132 1.38626e+06
0.04 0.135 1.33914e+06
0.04 0.138 1.2888e+06
0.04 0.141 1.23534e+06
0.04 0.144 1.17892e+06
0.04 0.147 1.11965e+06
0.04 0.15 1.05769e+06
0.04 0.153 993175
0.04 0.156 926270
0.04 0.159 857133
0.04 0.162 785932
0.04 0.165 712838
0.04 0.168 638026
0.04 0.171 561677
0.04 0.174 483975
0.04 0.177 405107
0.04 0.18 325263
0.04 0.183 244635
0.04 0.186 163418
0.04 0.189 81807.7
0.043 0 0
0.043 0.003 78771.2
0.043 0.006 157353
0.043 0.009 235555
0.043 0.012 313190
0.043 0.015 390070
0.043 0.018 466011
0.043 0.021 540829
0.043 0.024 614344
0.043 0.027 686379
0.043 0.03 756761
0.043 0.033 825319
0.043 0.036 891890
0.043 0.039 956311
0.043 0.042 1.01843e+06
0.043 0.045 1.07809e+06
0.043 0.048 1.13516e+06
0.043 0.051 1.18949e+06
0.043 0.054 1.24096e+06
0.043 0.057 1.28944e+06
0.043 0.06 1.33481e+06
0.043 0.063 1.37696e+06
0.043 0.066 1.4158e+06
0.043 0.069 1.45123e+06
0.043 0.072 1.48316e+06
0.043 0.075 1.51152e+06
0.043 0.078 1.53623e+06
0.043 0.081 1.55725e+06
0.043 0.084 1.57451e+06
0.043 0.087 1.58798e+06
0.043 0.09 1.59763e+06
0.043 0.093 1.60343e+06
0.043 0.096 1.60536e+06
0.043 0.099 1.60343e+06
0.043 0.102 1.59763e+06
0.043 0.105 1.58798e+06
0.043 0.108 1.57451e+06
0.043 0.111 1.55725e+06
0.043 0.114 1.53623e+06
0.043 0.117 1.51152e+06
0.043 0.12 1.48316e+06
0.043 0.123 1.45123e+06
0.043 0.126 1.4158e+06
0.043 0.129 1.37696e+06
0.043 0.132 1.33481e+06
0.043 0.135 1.28944e+06
0.043 0.138 1.24096e+06
0.043 0.141 1.18949e+06
0.043 0.144 1.13516e+06
0.043 0.147 1.07809e+06
0.043 0.15 1.01843e+06
0.043 0.153 956311
0.043 0.156 891890
0.043 0.159 825319
0.043 0.162 756761
0.043 0.165 686379
0.043 0.168 614344
0.043 0.171 540829
0.043 0.174 466011
0.043 0.177 390070
0.043 0.18 313190
0.043 0.183 235555
0.043 0.186 157353
0.043 0.189 78771.2
0.046 0 0
0.046 0.003 75573.4
0.046 0.006 150965
0.046 0.009 225992
0.046 0.012 300476
0.046 0.015 374235
0.046 0.018 447093
0.046 0.021 518873
0.046 0.024 589404
0.046 0.027 658515
0.046 0.03 726039
0.046 0.033 791814
0.046 0.036 855682
0.046 0.039 917488
0.046 0.042 977084
0.046 0.045 1.03433e+06
0.046 0.048 1.08908e+06
0.046 0.051 1.1412e+06
0.046 0.054 1.19058e+06
0.046 0.057 1.23709e+06
0.046 0.06 1.28062e+06
0.046 0.063 1.32106e+06
0.046 0.066 1.35832e+06
0.046 0.069 1.39231e+06
0.046 0.072 1.42295e+06
0.046 0.075 1.45015e+06
0.046 0.078 1.47387e+06
0.046 0.081 1.49403e+06
0.046 0.084 1.51059e+06
0.046 0.087 1.52352e+06
0.046 0.09 1.53277e+06
0.046 0.093 1.53833e+06
0.046 0.096 1.54019e+06
0.046 0.099 1.53833e+06
0.046 0.102 1.53277e+06
0.046 0.105 1.52352e+06
0.046 0.108 1.51059e+06
0.046 0.111 1.49403e+06
0.046 0.114 1.47387e+06
0.046 0.117 1.45015e+06
0.046 0.12 1.42295e+06
0.046 0.123 1.39231e+06
0.046 0.126 1.35832e+06
0.046 0.129 1.32106e+06
0.046 0.132 1.28062e+06
0.046 0.135 1.23709e+06
0.046 0.138 1.19058e+06
0.046 0.141 1.1412e+06
0.046 0.144 1.08908e+06
0.046 0.147 1.03433e+06
0.046 0.15 977084
0.046 0.153 917488
0.046 0.156 855682
0.046 0.159 791814
0.046 0.162 726039
0.046 0.165 658515
0.046 0.168 589404
0.046 0.171 518873
0.046 0.174 447093
0.046 0.177 374235
0.046 0.18 300476
0.046 0.183 225992
0.046 0.186 150965
0.046 0.189 75573.4
0.049 0 0
0.049 0.003 72225.5
0.049 0.006 144277
0.049 0.009 215981
0.049 0.012 287165
0.049 0.015 357656
0.049 0.018 427286
0.049 0.021 495887
0.049 0.024 563293
0.049 0.027 629343
0.049 0.03 693876
0.049 0.033 756737
0.049 0.036 817775
0.049 0.039 876844
0.049 0.042 933799
0.049 0.045 988506
0.049 0.048 1.04083e+06
0.049 0.051 1.09065e+06
0.049 0.054 1.13784e+06
0.049 0.057 1.18229e+06
0.049 0.06 1.22389e+06
0.049 0.063 1.26254e+06
0.049 0.066 1.29815e+06
0.049 0.069 1.33063e+06
0.049 0.072 1.35991e+06
0.049 0.075 1.38591e+06
0.049 0.078 1.40857e+06
0.049 0.081 1.42784e+06
0.049 0.084 1.44367e+06
0.049 0.087 1.45602e+06
0.049 0.09 1.46487e+06
0.049 0.093 1.47018e+06
0.049 0.096 1.47196e+06
0.049 0.099 1.47018e+06
0.049 0.102 1.46487e+06
0.049 0.105 1.45602e+06
0.049 0.108 1.44367e+06
0.049 0.111 1.42784e+06
0.049 0.114 1.40857e+06
0.049 0.117 1.38591e+06
0.049 0.12 1.35991e+06
0.049 0.123 1.33063e+06
0.049 0.126 1.29815e+06
0.049 0.129 1.26254e+06
0.049 0.132 1.22389e+06
0.049 0.135 1.18229e+06
0.049 0.138 1.13784e+06
0.049 0.141 1.09065e+06
0.049 0.144 1.04083e+06
0.049 0.147 988506
0.049 0.15 933799
0.049 0.153 876844
0.049 0.156 817775
0.049 0.159 756737
0.049 0.162 693876
0.049 0.165 629343
0.049 0.168 563293
0.049 0.171 495887
0.049 0.174 427286
0.049 0.177 357656
0.049 0.18 287165
0.049 0.183 215981
0.049 0.186 144277
0.049 0.189 72225.5
0.052 0 0
0.052 0.003 68739.4
0.052 0.006 137313
0.052 0.009 205556
0.052 0.012 273304
0.052 0.015 340393
0.052 0.018 406663
0.052 0.021 471952
0.052 0.024 536105
0.052 0.027 598966
0.052 0.03 660384
0.052 0.033 720212
0.052 0.036 778304
0.052 0.039 834521
0.052 0.042 888728
0.052 0.045 940794
0.052 0.048 990593
0.052 0.051 1.03801e+06
0.052 0.054 1.08292e+06
0.052 0.057 1.12522e+06
0.052 0.06 1.16481e+06
0.052 0.063 1.2016e+06
0.052 0.066 1.23549e+06
0.052 0.069 1.26641e+06
0.052 0.072 1.29427e+06
0.052 0.075 1.31902e+06
0.052 0.078 1.34059e+06
0.052 0.081 1.35893e+06
0.052 0.084 1.37399e+06
0.052 0.087 1.38575e+06
0.052 0.09 1.39416e+06
0.052 0.093 1.39922e+06
0.052 0.096 1.40091e+06
0.052 0.099 1.39922e+06
0.052 0.102 1.39416e+06
0.052 0.105 1.38575e+06
0.052 0.108 1.37399e+06
0.052 0.111 1.35893e+06
0.052 0.114 1.34059e+06
0.052 0.117 1.31902e+06
0.052 0.12 1.29427e+06
0.052 0.123 1.26641e+06
0.052 0.126 1.23549e+06
0.052 0.129 1.2016e+06
0.052 0.132 1.16481e+06
0.052 0.135 1.12522e+06
0.052 0.138 1.08292e+06
0.052 0.141 1.03801e+06
0.052 0.144 990593
0.052 0.147 940794
0.052 0.15 888728
0.052 0.153 834521
0.052 0.156 778304
0.052 0.159 720212
0.052 0.162 660384
0.052 0.165 598966
0.052 0.168 536105
0.052 0.171 471952
0.052 0.174 406663
0.052 0.177 340393
0.052 0.18 273304
0.052 0.183 205556
0.052 0.186 137313
0.052 0.189 68739.4
0.055 0 0
0.055 0.003 65127.4
0.055 0.006 130098
0.055 0.009 194755
0.055 0.012 258943
0.055 0.015 322507
0.055 0.018 385294
0.055 0.021 447153
0.055 0.024 507935
0.055 0.027 567493
0.055 0.03 625684
0.055 0.033 682367
0.055 0.036 737407
0.055 0.039 790670
0.055 0.042 842029
0.055 0.045 891359
0.055 0.048 938541
0.055 0.051 983463
0.055 0.054 1.02602e+06
0.055 0.057 1.0661e+06
0.055 0.06 1.10361e+06
0.055 0.063 1.13846e+06
0.055 0.066 1.17057e+06
0.055 0.069 1.19986e+06
0.055 0.072 1.22626e+06
0.055 0.075 1.24971e+06
0.055 0.078 1.27014e+06
0.055 0.081 1.28752e+06
0.055 0.084 1.30179e+06
0.055 0.087 1.31293e+06
0.055 0.09 1.32091e+06
0.055 0.093 1.3257e+06
0.055 0.096 1.3273e+06
0.055 0.099 1.3257e+06
0.055 0.102 1.32091e+06
0.055 0.105 1.31293e+06
0.055 0.108 1.30179e+06
0.055 0.111 1.28752e+06
0.055 0.114 1.27014e+06
0.055 0.117 1.24971e+06
0.055 0.12 1.22626e+06
0.055 0.123 1.19986e+06
0.055 0.126 1.17057e+06
0.055 0.129 1.13846e+06
0.055 0.132 1.10361e+06
0.055 0.135 1.0661e+06
0.055 0.138 1.02602e+06
0.055 0.141 983463
0.055 0.144 938541
0.055 0.147 891359
0.055 0.15 842029
0.055 0.153 790670
0.055 0.156 737407
0.055 0.159 682367
0.055 0.162 625684
0.055 0.165 567493
0.055 0.168 507935
0.055 0.171 447153
0.055 0.174 385294
0.055 0.177 322507
0.055 0.18 258943
0.055 0.183 194755
0.055 0.186 130098
0.055 0.189 65127.4
0.058 0 0
0.058 0.003 61402.3
0.058 0.006 122657
0.058 0.009 183616
0.058 0.012 244132
0.058 0.015 304060
0.058 0.018 363256
0.058 0.021 421577
0.058 0.024 478882
0.058 0.027 535034
0.058 0.03 589896
0.058 0.033 643338
0.058 0.036 695229
0.058 0.039 745446
0.058 0.042 793867
0.058 0.045 840375
0.058 0.048 884859
0.058 0.051 927211
0.058 0.054 967329
0.058 0.057 1.00512e+06
0.058 0.06 1.04048e+06
0.058 0.063 1.07334e+06
0.058 0.066 1.10362e+06
0.058 0.069 1.13123e+06
0.058 0.072 1.15612e+06
0.058 0.075 1.17823e+06
0.058 0.078 1.1975e+06
0.058 0.081 1.21388e+06
0.058 0.084 1.22733e+06
0.058 0.087 1.23784e+06
0.058 0.09 1.24535e+06
0.058 0.093 1.24987e+06
0.058 0.096 1.25138e+06
0.058 0.099 1.24987e+06
0.058 0.102 1.24535e+06
0.058 0.105 1.23784e+06
0.058 0.108 1.22733e+06
0.058 0.111 1.21388e+06
0.058 0.114 1.1975e+06
0.058 0.117 1.17823e+06
0.058 0.12 1.15612e+06
0.058 0.123 1.13123e+06
0.058 0.126 1.10362e+06
0.058 0.129 1.07334e+06
0.058 0.132 1.04048e+06
0.058 0.135 1.00512e+06
0.058 0.138 967329
0.058 0.141 927211
0.058 0.144 884859
0.058 0.147 840375
0.058 0.15 793867
0.058 0.153 745446
0.058 0.156 695229
0.058 0.159 643338
0.058 0.162 589896
0.058 0.165 535034
0.058 0.168 478882
0.058 0.171 421577
0.058 0.174 363256
0.058 0.177 304060
0.058 0.18 244132
0.058 0.183 183616
0.058 0.186 122657
0.058 0.189 61402.3
0.061 0 0
0.061 0.003 57577.1
0.061 0.006 115015
0.061 0.009 172177
0.061 0.012 228923
0.061 0.015 285118
0.061 0.018 340626
0.061 0.021 395314
0.061 0.024 449049
0.061 0.027 501702
0.061 0.03 553147
0.061 0.033 603259
0.061 0.036 651918
0.061 0.039 699007
0.061 0.042 744411
0.061 0.045 788022
0.061 0.048 829735
0.061 0.051 869448
0.061 0.054 907067
0.061 0.057 942501
0.061 0.06 975665
0.061 0.063 1.00648e+06
0.061 0.066 1.03487e+06
0.061 0.069 1.06076e+06
0.061 0.072 1.0841e+06
0.061 0.075 1.10483e+06
0.061 0.078 1.12289e+06
0.061 0.081 1.13826e+06
0.061 0.084 1.15087e+06
0.061 0.087 1.16072e+06
0.061 0.09 1.16777e+06
0.061 0.093 1.17201e+06
0.061 0.096 1.17342e+06
0.061 0.099 1.17201e+06
0.061 0.102 1.16777e+06
0.061 0.105 1.16072e+06
0.061 0.108 1.15087e+06
0.061 0.111 1.13826e+06
0.061 0.114 1.12289e+06
0.061 0.117 1.10483e+06
0.061 0.12 1.0841e+06
0.061 0.123 1.06076e+06
0.061 0.126 1.03487e+06
0.061 0.129 1.00648e+06
0.061 0.132 975665
0.061 0.135 942501
0.061 0.138 907067
0.061 0.141 869448
0.061 0.144 829735
0.061 0.147 788022
0.061 0.15 744411
0.061 0.153 699007
0.061 0.156 651918
0.061 0.159 603259
0.061 0.162 553147
0.061 0.165 501702
0.061 0.168 449049
0.061 0.171 395314
0.061 0.174 340626
0.061 0.177 285118
0.061 0.18 228923
0.061 0.183 172177
0.061 0.186 115015
0.061 0.189 57577.1
0.064 0 0
0.064 0.003 53665.2
0.064 0.006 107201
0.064 0.009 160479
0.064 0.012 213370
0.064 0.015 265747
0.064 0.018 317484
0.064 0.021 368456
0.064 0.024 418540
0.064 0.027 467616
0.064 0.03 515565
0.064 0.033 562273
0.064 0.036 607626
0.064 0.039 651515
0.064 0.042 693834
0.064 0.045 734482
0.064 0.048 773361
0.064 0.051 810376
0.064 0.054 845440
0.064 0.057 878466
0.064 0.06 909376
0.064 0.063 938096
0.064 0.066 964555
0.064 0.069 988691
0.064 0.072 1.01044e+06
0.064 0.075 1.02976e+06
0.064 0.078 1.0466e+06
0.064 0.081 1.06092e+06
0.064 0.084 1.07268e+06
0.064 0.087 1.08186e+06
0.064 0.09 1.08843e+06
0.064 0.093 1.09238e+06
0.064 0.096 1.0937e+06
0.064 0.099 1.09238e+06
0.064 0.102 1.08843e+06
0.064 0.105 1.08186e+06
0.064 0.108 1.07268e+06
0.064 0.111 1.06092e+06
0.064 0.114 1.0466e+06
0.064 0.117 1.02976e+06
0.064 0.12 1.01044e+06
0.064 0.123 988691
0.064 0.126 964555
0.064 0.129 938096
0.064 0.132 909376
0.064 0.135 878466
0.064 0.138 845440
0.064 0.141 810376
0.064 0.144 773361
0.064 0.147 734482
0.064 0.15 693834
0.064 0.153 651515
0.064 0.156 607626
0.064 0.159 562273
0.064 0.162 515565
0.064 0.165 467616
0.064 0.168 418540
0.064 0.171 368456
0.064 0.174 317484
0.064 0.177 265747
0.064 0.18 213370
0.064 0.183 160479
0.064 0.186 107201
0.064 0.189 53665.2
0.067 0 0
0.067 0.003 49680.3
0.067 0.006 99240.8
0.067 0.009 148562
0.067 0.012 197526
0.067 0.015 246014
0.067 0.018 293909
0.067 0.021 341096
0.067 0.024 387461
0.067 0.027 432893
0.067 0.03 477282
0.067 0.033 520521
0.067 0.036 562506
0.067 0.039 603136
0.067 0.042 642313
0.067 0.045 679943
0.067 0.048 715935
0.067 0.051 750202
0.067 0.054 782661
0.067 0.057 813235
0.067 0.06 841850
0.067 0.063 868437
0.067 0.066 892932
0.067 0.069 915275
0.067 0.072 935414
0.067 0.075 953299
0.067 0.078 968887
0.067 0.081 982142
0.067 0.084 993030
0.067 0.087 1.00153e+06
0.067 0.09 1.00761e+06
0.067 0.093 1.01126e+06
0.067 0.096 1.01248e+06
0.067 0.099 1.01126e+06
0.067 0.102 1.00761e+06
0.067 0.105 1.00153e+06
0.067 0.108 993030
0.067 0.111 982142
0.067 0.114 968887
0.067 0.117 953299
0.067 0.12 935414
0.067 0.123 915275
0.067 0.126 892932
0.067 0.129 868437
0.067 0.132 841850
0.067 0.135 813235
0.067 0.138 782661
0.067 0.141 750202
0.067 0.144 715935
0.067 0.147 679943
0.067 0.15 642313
0.067 0.153 603136
0.067 0.156 562506
0.067 0.159 520521
0.067 0.162 477282
0.067 0.165 432893
0.067 0.168 387461
0.067 0.171 341096
0.067 0.174 293909
0.067 0.177 246014
0.067 0.18 197526
0.067 0.183 148562
0.067 0.186 99240.8
0.067 0.189 49680.3
0.07 0 0
0.07 0.003 45636.1
0.07 0.006 91162.3
0.07 0.009 136469
0.07 0.012 181447
0.07 0.015 225987
0.07 0.018 269984
0.07 0.021 313330
0.07 0.024 355921
0.07 0.027 397654
0.07 0.03 438430
0.07 0.033 478149
0.07 0.036 516716
0.07 0.039 554039
0.07 0.042 590027
0.07 0.045 624594
0.07 0.048 657655
0.07 0.051 689133
0.07 0.054 718950
0.07 0.057 747035
0.07 0.06 773321
0.07 0.063 797743
0.07 0.066 820244
0.07 0.069 840769
0.07 0.072 859268
0.07 0.075 875697
0.07 0.078 890017
0.07 0.081 902192
0.07 0.084 912194
0.07 0.087 919999
0.07 0.09 925587
0.07 0.093 928945
0.07 0.096 930065
0.07 0.099 928945
0.07 0.102 925587
0.07 0.105 919999
0.07 0.108 912194
0.07 0.111 902192
0.07 0.114 890017
0.07 0.117 875697
0.07 0.12 859268
0.07 0.123 840769
0.07 0.126 820244
0.07 0.129 797743
0.07 0.132 773321
0.07 0.135 747035
0.07 0.138 718950
0.07 0.141 689133
0.07 0.144 657655
0.07 0.147 624594
0.07 0.15 590027
0.07 0.153 554039
0.07 0.156 516716
0.07 0.159 478149
0.07 0.162 438430
0.07 0.165 397654
0.07 0.168 355921
0.07 0.171 313330
0.07 0.174 269984
0.07 0.177 225987
0.07 0.18 181447
0.07 0.183 136469
0.07 0.186 91162.3
0.07 0.189 45636.1
0.073 0 0
0.073 0.003 41546.8
0.073 0.006 82993.5
0.073 0.009 124240
0.073 0.012 165188
0.073 0.015 205737
0.073 0.018 245791
0.073 0.021 285253
0.073 0.024 324027
0.073 0.027 362021
0.073 0.03 399143
0.073 0.033 435303
0.073 0.036 470415
0.073 0.039 504393
0.073 0.042 537156
0.073 0.045 568625
0.073 0.048 598724
0.073 0.051 627381
0.073 0.054 654527
0.073 0.057 680095
0.073 0.06 704025
0.073 0.063 726260
0.073 0.066 746744
0.073 0.069 765430
0.073 0.072 782271
0.073 0.075 797228
0.073 0.078 810265
0.073 0.081 821349
0.073 0.084 830455
0.073 0.087 837560
0.073 0.09 842647
0.073 0.093 845704
0.073 0.096 846724
0.073 0.099 845704
0.073 0.102 842647
0.073 0.105 837560
0.073 0.108 830455
0.073 0.111 821349
0.073 0.114 810265
0.073 0.117 797228
0.073 0.12 782271
0.073 0.123 765430
0.073 0.126 746744
0.073 0.129 726260
0.073 0.132 704025
0.073 0.135 680095
0.073 0.138 654527
0.073 0.141 627381
0.073 0.144 598724
0.073 0.147 568625
0.073 0.15 537156
0.073 0.153 504393
0.073 0.156 470415
0.073 0.159 435303
0.073 0.162 399143
0.073 0.165 362021
0.073 0.168 324027
0.073 0.171 285253
0.073 0.174 245791
0.073 0.177 205737
0.073 0.18 165188
0.073 0.183 124240
0.073 0.186 82993.5
0.073 0.189 41546.8
0.076 0 0
0.076 0.003 37426.3
0.076 0.006 74762.5
0.076 0.009 111918
0.076 0.012 148805
0.076 0.015 185333
0.076 0.018 221414
0.076 0.021 256962
0.076 0.024 291891
0.076 0.027 326117
0.076 0.03 359557
0.076 0.033 392131
0.076 0.036 423761
0.076 0.039 454369
0.076 0.042 483883
0.076 0.045 512231
0.076 0.048 539345
0.076 0.051 565160
0.076 0.054 589613
0.076 0.057 612646
0.076 0.06 634202
0.076 0.063 654231
0.076 0.066 672684
0.076 0.069 689517
0.076 0.072 704688
0.076 0.075 718162
0.076 0.078 729905
0.076 0.081 739890
0.076 0.084 748093
0.076 0.087 754493
0.076 0.09 759076
0.076 0.093 761830
0.076 0.096 762749
0.076 0.099 761830
0.076 0.102 759076
0.076 0.105 754493
0.076 0.108 748093
0.076 0.111 739890
0.076 0.114 729905
0.076 0.117 718162
0.076 0.12 704688
0.076 0.123 689517
0.076 0.126 672684
0.076 0.129 654231
0.076 0.132 634202
0.076 0.135 612646
0.076 0.138 589613
0.076 0.141 565160
0.076 0.144 539345
0.076 0.147 512231
0.076 0.15 483883
0.076 0.153 454369
0.076 0.156 423761
0.076 0.159 392131
0.076 0.162 359557
0.076 0.165 326117
0.076 0.168 291891
0.076 0.171 256962
0.076 0.174 221414
0.076 0.177 185333
0.076 0.18 148805
0.076 0.183 111918
0.076 0.186 74762.5
0.076 0.189 37426.3
0.079 0 0
0.079 0.003 33288.8
0.079 0.006 66497.4
0.079 0.009 99545.8
0.079 0.012 132354
0.079 0.015 164844
0.079 0.018 196937
0.079 0.021 228555
0.079 0.024 259623
0.079 0.027 290065
0.079 0.03 319808
0.079 0.033 348781
0.079 0.036 376914
0.079 0.039 404138
0.079 0.042 430389
0.079 0.045 455603
0.079 0.048 479720
0.079 0.051 502681
0.079 0.054 524431
0.079 0.057 544917
0.079 0.06 564091
0.079 0.063 581906
0.079 0.066 598319
0.079 0.069 613290
0.079 0.072 626784
0.079 0.075 638768
0.079 0.078 649214
0.079 0.081 658095
0.079 0.084 665391
0.079 0.087 671083
0.079 0.09 675160
0.079 0.093 677609
0.079 0.096 678426
0.079 0.099 677609
0.079 0.102 675160
0.079 0.105 671083
0.079 0.108 665391
0.079 0.111 658095
0.079 0.114 649214
0.079 0.117 638768
0.079 0.12 626784
0.079 0.123 613290
0.079 0.126 598319
0.079 0.129 581906
0.079 0.132 564091
0.079 0.135 544917
0.079 0.138 524431
0.079 0.141 502681
0.079 0.144 479720
0.079 0.147 455603
0.079 0.15 430389
0.079 0.153 404138
0.079 0.156 376914
0.079 0.159 348781
0.079 0.162 319808
0.079 0.165 290065
0.079 0.168 259623
0.079 0.171 228555
0.079 0.174 196937
0.079 0.177 164844
0.079 0.18 132354
0.079 0.183 99545.8
0.079 0.186 66497.4
0.079 0.189 33288.8
0.082 0 0
0.082 0.003 29148.4
0.082 0.006 58226.5
0.082 0.009 87164.4
0.082 0.012 115892
0.082 0.015 144341
0.082 0.018 172442
0.082 0.021 200127
0.082 0.024 227331
0.082 0.027 253987
0.082 0.03 280031
0.082 0.033 305400
0.082 0.036 330033
0.082 0.039 353872
0.082 0.042 376858
0.082 0.045 398936
0.082 0.048 420053
0.082 0.051 440158
0.082 0.054 459202
0.082 0.057 477141
0.082 0.06 493930
0.082 0.063 509529
0.082 0.066 523900
0.082 0.069 537010
0.082 0.072 548825
0.082 0.075 559319
0.082 0.078 568465
0.082 0.081 576241
0.082 0.084 582630
0.082 0.087 587615
0.082 0.09 591184
0.082 0.093 593329
0.082 0.096 594044
0.082 0.099 593329
0.082 0.102 591184
0.082 0.105 587615
0.082 0.108 582630
0.082 0.111 576241
0.082 0.114 568465
0.082 0.117 559319
0.082 0.12 548825
0.082 0.123 537010
0.082 0.126 523900
0.082 0.129 509529
0.082 0.132 493930
0.082 0.135 477141
0.082 0.138 459202
0.082 0.141 440158
0.082 0.144 420053
0.082 0.147 398936
0.082 0.15 376858
0.082 0.153 353872
0.082 0.156 330033
0.082 0.159 305400
0.082 0.162 280031
0.082 0.165 253987
0.082 0.168 227331
0.082 0.171 200127
0.082 0.174 172442
0.082 0.177 144341
0.082 0.18 115892
0.082 0.183 87164.4
0.082 0.186 58226.5
0.082 0.189 29148.4
0.085 0 0
0.085 0.003 25019
0.085 0.006 49977.8
0.085 0.009 74816.1
0.085 0.012 99474.2
0.085 0.015 123893
0.085 0.018 148013
0.085 0.021 171776
0.085 0.024 195126
0.085 0.027 218005
0.085 0.03 240359
0.085 0.033 262135
0.085 0.036 283279
0.085 0.039 303740
0.085 0.042 323469
0.085 0.045 342420
0.085 0.048 360545
0.085 0.051 377802
0.085 0.054 394149
0.085 0.057 409546
0.085 0.06 423956
0.085 0.063 437345
0.085 0.066 449681
0.085 0.069 460933
0.085 0.072 471075
0.085 0.075 480082
0.085 0.078 487932
0.085 0.081 494607
0.085 0.084 500091
0.085 0.087 504369
0.085 0.09 507433
0.085 0.093 509274
0.085 0.096 509888
0.085 0.099 509274
0.085 0.102 507433
0.085 0.105 504369
0.085 0.108 500091
0.085 0.111 494607
0.085 0.114 487932
0.085 0.117 480082
0.085 0.12 471075
0.085 0.123 460933
0.085 0.126 449681
0.085 0.129 437345
0.085 0.132 423956
0.085 0.135 409546
0.085 0.138 394149
0.085 0.141 377802
0.085 0.144 360545
0.085 0.147 342420
0.085 0.15 323469
0.085 0.153 303740
0.085 0.156 283279
0.085 0.159 262135
0.085 0.162 240359
0.085 0.165 218005
0.085 0.168 195126
0.085 0.171 171776
0.085 0.174 148013
0.085 0.177 123893
0.085 0.18 99474.2
0.085 0.183 74816.1
0.085 0.186 49977.8
0.085 0.189 25019
0.088 0 0
0.088 0.003 20914.6
0.088 0.006 41778.9
0.088 0.009 62542.5
0.088 0.012 83155.4
0.088 0.015 103568
0.088 0.018 123731
0.088 0.021 143596
0.088 0.024 163115
0.088 0.027 182241
0.088 0.03 200928
0.088 0.033 219131
0.088 0.036 236807
0.088 0.039 253911
0.088 0.042 270404
0.088 0.045 286246
0.088 0.048 301398
0.088 0.051 315823
0.088 0.054 329488
0.088 0.057 342360
0.088 0.06 354406
0.088 0.063 365599
0.088 0.066 375911
0.088 0.069 385317
0.088 0.072 393795
0.088 0.075 401324
0.088 0.078 407887
0.088 0.081 413467
0.088 0.084 418050
0.088 0.087 421627
0.088 0.09 424188
0.088 0.093 425727
0.088 0.096 426241
0.088 0.099 425727
0.088 0.102 424188
0.088 0.105 421627
0.088 0.108 418050
0.088 0.111 413467
0.088 0.114 407887
0.088 0.117 401324
0.088 0.12 393795
0.088 0.123 385317
0.088 0.126 375911
0.088 0.129 365599
0.088 0.132 354406
0.088 0.135 342360
0.088 0.138 329488
0.088 0.141 315823
0.088 0.144 301398
0.088 0.147 286246
0.088 0.15 270404
0.088 0.153 253911
0.088 0.156 236807
0.088 0.159 219131
0.088 0.162 200928
0.088 0.165 182241
0.088 0.168 163115
0.088 0.171 143596
0.088 0.174 123731
0.088 0.177 103568
0.088 0.18 83155.4
0.088 0.183 62542.5
0.088 0.186 41778.9
0.088 0.189 20914.6
0.091 0 0
0.091 0.003 16848.9
0.091 0.006 33657.3
0.091 0.009 50384.5
0.091 0.012 66990.4
0.091 0.015 83434.9
0.091 0.018 99678.3
0.091 0.021 115682
0.091 0.024 131406
0.091 0.027 146814
0.091 0.03 161869
0.091 0.033 176533
0.091 0.036 190772
0.091 0.039 204552
0.091 0.042 217839
0.091 0.045 230601
0.091 0.048 242807
0.091 0.051 254429
0.091 0.054 265437
0.091 0.057 275806
0.091 0.06 285511
0.091 0.063 294528
0.091 0.066 302835
0.091 0.069 310413
0.091 0.072 317243
0.091 0.075 323309
0.091 0.078 328595
0.091 0.081 333091
0.091 0.084 336783
0.091 0.087 339665
0.091 0.09 341728
0.091 0.093 342968
0.091 0.096 343381
0.091 0.099 342968
0.091 0.102 341728
0.091 0.105 339665
0.091 0.108 336783
0.091 0.111 333091
0.091 0.114 328595
0.091 0.117 323309
0.091 0.12 317243
0.091 0.123 310413
0.091 0.126 302835
0.091 0.129 294528
0.091 0.132 285511
0.091 0.135 275806
0.091 0.138 265437
0.091 0.141 254429
0.091 0.144 242807
0.091 0.147 230601
0.091 0.15 217839
0.091 0.153 204552
0.091 0.156 190772
0.091 0.159 176533
0.091 0.162 161869
0.091 0.165 146814
0.091 0.168 131406
0.091 0.171 115682
0.091 0.174 99678.3
0.091 0.177 83434.9
0.091 0.18 66990.4
0.091 0.183 50384.5
0.091 0.186 33657.3
0.091 0.189 16848.9
0.094 0 0
0.094 0.003 12835.4
0.094 0.006 25639.8
0.094 0.009 38382.5
0.094 0.012 51032.7
0.094 0.015 63559.9
0.094 0.018 75934.1
0.094 0.021 88125.3
0.094 0.024 100104
0.094 0.027 111842
0.094 0.03 123310
0.094 0.033 134481
0.094 0.036 145329
0.094 0.039 155826
0.094 0.042 165948
0.094 0.045 175670
0.094 0.048 184968
0.094 0.051 193822
0.094 0.054 202208
0.094 0.057 210107
0.094 0.06 217500
0.094 0.063 224369
0.094 0.066 230697
0.094 0.069 236470
0.094 0.072 241673
0.094 0.075 246294
0.094 0.078 250321
0.094 0.081 253745
0.094 0.084 256559
0.094 0.087 258754
0.094 0.09 260325
0.094 0.093 261270
0.094 0.096 261585
0.094 0.099 261270
0.094 0.102 260325
0.094 0.105 258754
0.094 0.108 256559
0.094 0.111 253745
0.094 0.114 250321
0.094 0.117 246294
0.094 0.12 241673
0.094 0.123 236470
0.094 0.126 230697
0.094 0.129 224369
0.094 0.132 217500
0.094 0.135 210107
0.094 0.138 202208
0.094 0.141 193822
0.094 0.144 184968
0.094 0.147 175670
0.094 0.15 165948
0.094 0.153 155826
0.094 0.156 145329
0.094 0.159 134481
0.094 0.162 123310
0.094 0.165 111842
0.094 0.168 100104
0.094 0.171 88125.3
0.094 0.174 75934.1
0.094 0.177 63559.9
0.094 0.18 51032.7
0.094 0.183 38382.5
0.094 0.186 25639.8
0.094 0.189 12835.4
0.097 0 0
0.097 0.003 8887.12
0.097 0.006 17752.8
0.097 0.009 26575.8
0.097 0.012 35334.7
0.097 0.015 44008.5
0.097 0.018 52576.3
0.097 0.021 61017.4
0.097 0.024 69311.5
0.097 0.027 77438.6
0.097 0.03 85379.2
0.097 0.033 93114.1
0.097 0.036 100625
0.097 0.039 107893
0.097 0.042 114901
0.097 0.045 121633
0.097 0.048 128071
0.097 0.051 134201
0.097 0.054 140007
0.097 0.057 145477
0.097 0.06 150595
0.097 0.063 155352
0.097 0.066 159733
0.097 0.069 163730
0.097 0.072 167333
0.097 0.075 170532
0.097 0.078 173321
0.097 0.081 175692
0.097 0.084 177639
0.097 0.087 179159
0.097 0.09 180248
0.097 0.093 180901
0.097 0.096 181120
0.097 0.099 180901
0.097 0.102 180248
0.097 0.105 179159
0.097 0.108 177639
0.097 0.111 175692
0.097 0.114 173321
0.097 0.117 170532
0.097 0.12 167333
0.097 0.123 163730
0.097 0.126 159733
0.097 0.129 155352
0.097 0.132 150595
0.097 0.135 145477
0.097 0.138 140007
0.097 0.141 134201
0.097 0.144 128071
0.097 0.147 121633
0.097 0.15 114901
0.097 0.153 107893
0.097 0.156 100625
0.097 0.159 93114.1
0.097 0.162 85379.2
0.097 0.165 77438.6
0.097 0.168 69311.5
0.097 0.171 61017.4
0.097 0.174 52576.3
0.097 0.177 44008.5
0.097 0.18 35334.7
0.097 0.183 26575.8
0.097 0.186 17752.8
0.097 0.189 8887.12
0.1 0 0
0.1 0.003 5017.05
0.1 0.006 10022
0.1 0.009 15002.8
0.1 0.012 19947.5
0.1 0.015 24844.1
0.1 0.018 29680.9
0.1 0.021 34446.2
0.1 0.024 39128.4
0.1 0.027 43716.5
0.1 0.03 48199.2
0.1 0.033 52565.7
0.1 0.036 56805.7
0.1 0.039 60908.8
0.1 0.042 64865.2
0.1 0.045 68665.3
0.1 0.048 72299.9
0.1 0.051 75760.4
0.1 0.054 79038.4
0.1 0.057 82126
0.1 0.06 85015.7
0.1 0.063 87700.6
0.1 0.066 90174.3
0.1 0.069 92430.7
0.1 0.072 94464.4
0.1 0.075 96270.6
0.1 0.078 97844.8
0.1 0.081 99183.3
0.1 0.084 100283
0.1 0.087 101141
0.1 0.09 101755
0.1 0.093 102124
0.1 0.096 102248
0.1 0.099 102124
0.1 0.102 101755
0.1 0.105 101141
0.1 0.108 100283
0.1 0.111 99183.3
0.1 0.114 97844.8
0.1 0.117 96270.6
0.1 0.12 94464.4
0.1 0.123 92430.7
0.1 0.126 90174.3
0.1 0.129 87700.6
0.1 0.132 85015.7
0.1 0.135 82126
0.1 0.138 79038.4
0.1 0.141 75760.4
0.1 0.144 72299.9
0.1 0.147 68665.3
0.1 0.15 64865.2
0.1 0.153 60908.8
0.1 0.156 56805.7
0.1 0.159 52565.7
0.1 0.162 48199.2
0.1 0.165 43716.5
0.1 0.168 39128.4
0.1 0.171 34446.2
0.1 0.174 29680.9
0.1 0.177 24844.1
0.1 0.18 19947.5
0.1 0.183 15002.8
0.1 0.186 10022
0.1 0.189 5017.05
0.103 0 0
0.103 0.003 1237.6
0.103 0.006 2472.23
0.103 0.009 3700.89
0.103 0.012 4920.64
0.103 0.015 6128.54
0.103 0.018 7321.67
0.103 0.021 8497.16
0.103 0.024 9652.19
0.103 0.027 10784
0.103 0.03 11889.7
0.103 0.033 12966.9
0.103 0.036 14012.8
0.103 0.039 15025
0.103 0.042 16000.9
0.103 0.045 16938.3
0.103 0.048 17834.9
0.103 0.051 18688.6
0.103 0.054 19497.2
0.103 0.057 20258.8
0.103 0.06 20971.6
0.103 0.063 21634
0.103 0.066 22244.2
0.103 0.069 22800.8
0.103 0.072 23302.4
0.103 0.075 23748
0.103 0.078 24136.3
0.103 0.081 24466.5
0.103 0.084 24737.7
0.103 0.087 24949.4
0.103 0.09 25100.9
0.103 0.093 25192
0.103 0.096 25222.4
0.103 0.099 25192
0.103 0.102 25100.9
0.103 0.105 24949.4
0.103 0.108 24737.7
0.103 0.111 24466.5
0.103 0.114 24136.3
0.103 0.117 23748
0.103 0.12 23302.4
0.103 0.123 22800.8
0.103 0.126 22244.2
0.103 0.129 21634
0.103 0.132 20971.6
0.103 0.135 20258.8
0.103 0.138 19497.2
0.103 0.141 18688.6
0.103 0.144 17834.9
0.103 0.147 16938.3
0.103 0.15 16000.9
0.103 0.153 15025
0.103 0.156 14012.8
0.103 0.159 12966.9
0.103 0.162 11889.7
0.103 0.165 10784
0.103 0.168 9652.19
0.103 0.171 8497.16
0.103 0.174 7321.67
0.103 0.177 6128.54
0.103 0.18 4920.64
0.103 0.183 3700.89
0.103 0.186 2472.23
0.103 0.189 1237.6
