0 0 0
0 0.003 102607
0 0.006 204967
0 0.009 306832
0 0.012 407959
0 0.015 508103
0 0.018 607023
0 0.021 704480
0 0.024 800241
0 0.027 894073
0 0.03 985752
0 0.033 1.07506e+06
0 0.036 1.16177e+06
0 0.039 1.24568e+06
0 0.042 1.3266e+06
0 0.045 1.40432e+06
0 0.048 1.47865e+06
0 0.051 1.54942e+06
0 0.054 1.61646e+06
0 0.057 1.67961e+06
0 0.06 1.73871e+06
0 0.063 1.79362e+06
0 0.066 1.84421e+06
0 0.069 1.89036e+06
0 0.072 1.93195e+06
0 0.075 1.96889e+06
0 0.078 2.00109e+06
0 0.081 2.02846e+06
0 0.084 2.05095e+06
0 0.087 2.0685e+06
0 0.09 2.08106e+06
0 0.093 2.08861e+06
0 0.096 2.09113e+06
0 0.099 2.08861e+06
0 0.102 2.08106e+06
0 0.105 2.0685e+06
0 0.108 2.05095e+06
0 0.111 2.02846e+06
0 0.114 2.00109e+06
0 0.117 1.96889e+06
0 0.12 1.93195e+06
0 0.123 1.89036e+06
0 0.126 1.84421e+06
0 0.129 1.79362e+06
0 0.132 1.73871e+06
0 0.135 1.67961e+06
0 0.138 1.61646e+06
0 0.141 1.54942e+06
0 0.144 1.47865e+06
0 0.147 1.40432e+06
0 0.15 1.3266e+06
0 0.153 1.24568e+06
0 0.156 1.16177e+06
0 0.159 1.07506e+06
0 0.162 985752
0 0.165 894073
0 0.168 800241
0 0.171 704480
0 0.174 607023
0 0.177 508103
0 0.18 407959
0 0.183 306832
0 0.186 204967
0 0.189 102607
0.003 0 0
0.003 0.003 102483
0.003 0.006 204720
0.003 0.009 306463
0.003 0.012 407468
0.003 0.015 507492
0.003 0.018 606293
0.003 0.021 703633
0.003 0.024 799278
0.003 0.027 892998
0.003 0.03 984566
0.003 0.033 1.07376e+06
0.003 0.036 1.16037e+06
0.003 0.039 1.24419e+06
0.003 0.042 1.325e+06
0.003 0.045 1.40263e+06
0.003 0.048 1.47687e+06
0.003 0.051 1.54756e+06
0.003 0.054 1.61452e+06
0.003 0.057 1.67759e+06
0.003 0.06 1.73662e+06
0.003 0.063 1.79146e+06
0.003 0.066 1.84199e+06
0.003 0.069 1.88809e+06
0.003 0.072 1.92963e+06
0.003 0.075 1.96652e+06
0.003 0.078 1.99868e+06
0.003 0.081 2.02602e+06
0.003 0.084 2.04848e+06
0.003 0.087 2.06601e+06
0.003 0.09 2.07856e+06
0.003 0.093 2.0861e+06
0.003 0.096 2.08861e+06
0.003 0.099 2.0861e+06
0.003 0.102 2.07856e+06
0.003 0.105 2.06601e+06
0.003 0.108 2.04848e+06
0.003 0.111 2.02602e+06
0.003 0.114 1.99868e+06
0.003 0.117 1.96652e+06
0.003 0.12 1.92963e+06
0.003 0.123 1.88809e+06
0.003 0.126 1.84199e+06
0.003 0.129 1.79146e+06
0.003 0.132 1.73662e+06
0.003 0.135 1.67759e+06
0.003 0.138 1.61452e+06
0.003 0.141 1.54756e+06
0.003 0.144 1.47687e+06
0.003 0.147 1.40263e+06
0.003 0.15 1.325e+06
0.003 0.153 1.24419e+06
0.003 0.156 1.16037e+06
0.003 0.159 1.07376e+06
0.003 0.162 984566
0.003 0.165 892998
0.003 0.168 799278
0.003 0.171 703633
0.003 0.174 606293
0.003 0.177 507492
0.003 0.18 407468
0.003 0.183 306463
0.003 0.186 204720
0.003 0.189 102483
0.006 0 0
0.006 0.003 102114
0.006 0.006 203981
0.006 0.009 305358
0.006 0.012 405998
0.006 0.015 505661
0.006 0.018 604105
0.006 0.021 701094
0.006 0.024 796394
0.006 0.027 889776
0.006 0.03 981014
0.006 0.033 1.06989e+06
0.006 0.036 1.15619e+06
0.006 0.039 1.2397e+06
0.006 0.042 1.32022e+06
0.006 0.045 1.39757e+06
0.006 0.048 1.47154e+06
0.006 0.051 1.54198e+06
0.006 0.054 1.6087e+06
0.006 0.057 1.67154e+06
0.006 0.06 1.73035e+06
0.006 0.063 1.785e+06
0.006 0.066 1.83535e+06
0.006 0.069 1.88127e+06
0.006 0.072 1.92267e+06
0.006 0.075 1.95943e+06
0.006 0.078 1.99147e+06
0.006 0.081 2.01871e+06
0.006 0.084 2.04109e+06
0.006 0.087 2.05855e+06
0.006 0.09 2.07106e+06
0.006 0.093 2.07857e+06
0.006 0.096 2.08108e+06
0.006 0.099 2.07857e+06
0.006 0.102 2.07106e+06
0.006 0.105 2.05855e+06
0.006 0.108 2.04109e+06
0.006 0.111 2.01871e+06
0.006 0.114 1.99147e+06
0.006 0.117 1.95943e+06
0.006 0.12 1.92267e+06
0.006 0.123 1.88127e+06
0.006 0.126 1.83535e+06
0.006 0.129 1.785e+06
0.006 0.132 1.73035e+06
0.006 0.135 1.67154e+06
0.006 0.138 1.6087e+06
0.006 0.141 1.54198e+06
0.006 0.144 1.47154e+06
0.006 0.147 1.39757e+06
0.006 0.15 1.32022e+06
0.006 0.153 1.2397e+06
0.006 0.156 1.15619e+06
0.006 0.159 1.06989e+06
0.006 0.162 981014
0.006 0.165 889776
0.006 0.168 796394
0.006 0.171 701094
0.006 0.174 604105
0.006 0.177 505661
0.006 0.18 405998
0.006 0.183 305358
0.006 0.186 203981
0.006 0.189 102114
0.009 0 0
0.009 0.003 101499
0.009 0.006 202753
0.009 0.009 303519
0.009 0.012 403554
0.009 0.015 502616
0.009 0.018 600468
0.009 0.021 696873
0.009 0.024 791599
0.009 0.027 884419
0.009 0.03 975107
0.009 0.033 1.06345e+06
0.009 0.036 1.14922e+06
0.009 0.039 1.23223e+06
0.009 0.042 1.31227e+06
0.009 0.045 1.38915e+06
0.009 0.048 1.46269e+06
0.009 0.051 1.53269e+06
0.009 0.054 1.59901e+06
0.009 0.057 1.66147e+06
0.009 0.06 1.71994e+06
0.009 0.063 1.77425e+06
0.009 0.066 1.8243e+06
0.009 0.069 1.86995e+06
0.009 0.072 1.91109e+06
0.009 0.075 1.94763e+06
0.009 0.078 1.97948e+06
0.009 0.081 2.00656e+06
0.009 0.084 2.0288e+06
0.009 0.087 2.04616e+06
0.009 0.09 2.05859e+06
0.009 0.093 2.06606e+06
0.009 0.096 2.06855e+06
0.009 0.099 2.06606e+06
0.009 0.102 2.05859e+06
0.009 0.105 2.04616e+06
0.009 0.108 2.0288e+06
0.009 0.111 2.00656e+06
0.009 0.114 1.97948e+06
0.009 0.117 1.94763e+06
0.009 0.12 1.91109e+06
0.009 0.123 1.86995e+06
0.009 0.126 1.8243e+06
0.009 0.129 1.77425e+06
0.009 0.132 1.71994e+06
0.009 0.135 1.66147e+06
0.009 0.138 1.59901e+06
0.009 0.141 1.53269e+06
0.009 0.144 1.46269e+06
0.009 0.147 1.38915e+06
0.009 0.15 1.31227e+06
0.009 0.153 1.23223e+06
0.009 0.156 1.14922e+06
0.009 0.159 1.06345e+06
0.009 0.162 975107
0.009 0.165 884419
0.009 0.168 791599
0.009 0.171 696873
0.009 0.174 600468
0.009 0.177 502616
0.009 0.18 403554
0.009 0.183 303519
0.009 0.186 202753
0.009 0.189 101499
0.012 0 0
0.012 0.003 100641
0.012 0.006 201040
0.012 0.009 300955
0.012 0.012 400144
0.012 0.015 498370
0.012 0.018 595394
0.012 0.021 690985
0.012 0.024 784911
0.012 0.027 876946
0.012 0.03 966868
0.012 0.033 1.05446e+06
0.012 0.036 1.13951e+06
0.012 0.039 1.22182e+06
0.012 0.042 1.30119e+06
0.012 0.045 1.37742e+06
0.012 0.048 1.45033e+06
0.012 0.051 1.51974e+06
0.012 0.054 1.5855e+06
0.012 0.057 1.64744e+06
0.012 0.06 1.7054e+06
0.012 0.063 1.75926e+06
0.012 0.066 1.80888e+06
0.012 0.069 1.85415e+06
0.012 0.072 1.89494e+06
0.012 0.075 1.93117e+06
0.012 0.078 1.96275e+06
0.012 0.081 1.9896e+06
0.012 0.084 2.01166e+06
0.012 0.087 2.02887e+06
0.012 0.09 2.04119e+06
0.012 0.093 2.0486e+06
0.012 0.096 2.05107e+06
0.012 0.099 2.0486e+06
0.012 0.102 2.04119e+06
0.012 0.105 2.02887e+06
0.012 0.108 2.01166e+06
0.012 0.111 1.9896e+06
0.012 0.114 1.96275e+06
0.012 0.117 1.93117e+06
0.012 0.12 1.89494e+06
0.012 0.123 1.85415e+06
0.012 0.126 1.80888e+06
0.012 0.129 1.75926e+06
0.012 0.132 1.7054e+06
0.012 0.135 1.64744e+06
0.012 0.138 1.5855e+06
0.012 0.141 1.51974e+06
0.012 0.144 1.45033e+06
0.012 0.147 1.37742e+06
0.012 0.15 1.30119e+06
0.012 0.153 1.22182e+06
0.012 0.156 1.13951e+06
0.012 0.159 1.05446e+06
0.012 0.162 966868
0.012 0.165 876946
0.012 0.168 784911
0.012 0.171 690985
0.012 0.174 595394
0.012 0.177 498370
0.012 0.18 400144
0.012 0.183 300955
0.012 0.186 201040
0.012 0.189 100641
0.015 0 0
0.015 0.003 99544
0.015 0.006 198848
0.015 0.009 297673
0.015 0.012 395781
0.015 0.015 492936
0.015 0.018 588903
0.015 0.021 683451
0.015 0.024 776353
0.015 0.027 867384
0.015 0.03 956326
0.015 0.033 1.04296e+06
0.015 0.036 1.12709e+06
0.015 0.039 1.2085e+06
0.015 0.042 1.287e+06
0.015 0.045 1.3624e+06
0.015 0.048 1.43451e+06
0.015 0.051 1.50317e+06
0.015 0.054 1.56821e+06
0.015 0.057 1.62947e+06
0.015 0.06 1.68681e+06
0.015 0.063 1.74008e+06
0.015 0.066 1.78916e+06
0.015 0.069 1.83393e+06
0.015 0.072 1.87428e+06
0.015 0.075 1.91012e+06
0.015 0.078 1.94135e+06
0.015 0.081 1.96791e+06
0.015 0.084 1.98973e+06
0.015 0.087 2.00675e+06
0.015 0.09 2.01894e+06
0.015 0.093 2.02626e+06
0.015 0.096 2.02871e+06
0.015 0.099 2.02626e+06
0.015 0.102 2.01894e+06
0.015 0.105 2.00675e+06
0.015 0.108 1.98973e+06
0.015 0.111 1.96791e+06
0.015 0.114 1.94135e+06
0.015 0.117 1.91012e+06
0.015 0.12 1.87428e+06
0.015 0.123 1.83393e+06
0.015 0.126 1.78916e+06
0.015 0.129 1.74008e+06
0.015 0.132 1.68681e+06
0.015 0.135 1.62947e+06
0.015 0.138 1.56821e+06
0.015 0.141 1.50317e+06
0.015 0.144 1.43451e+06
0.015 0.147 1.3624e+06
0.015 0.15 1.287e+06
0.015 0.153 1.2085e+06
0.015 0.156 1.12709e+06
0.015 0.159 1.04296e+06
0.015 0.162 956326
0.015 0.165 867384
0.015 0.168 776353
0.015 0.171 683451
0.015 0.174 588903
0.015 0.177 492936
0.015 0.18 395781
0.015 0.183 297673
0.015 0.186 198848
0.015 0.189 99544
0.018 0 0
0.018 0.003 98210.9
0.018 0.006 196185
0.018 0.009 293687
0.018 0.012 390481
0.018 0.015 486334
0.018 0.018 581016
0.018 0.021 674298
0.018 0.024 765956
0.018 0.027 855768
0.018 0.03 943519
0.018 0.033 1.029e+06
0.018 0.036 1.112e+06
0.018 0.039 1.19232e+06
0.018 0.042 1.26976e+06
0.018 0.045 1.34415e+06
0.018 0.048 1.4153e+06
0.018 0.051 1.48304e+06
0.018 0.054 1.54721e+06
0.018 0.057 1.60765e+06
0.018 0.06 1.66422e+06
0.018 0.063 1.71678e+06
0.018 0.066 1.7652e+06
0.018 0.069 1.80937e+06
0.018 0.072 1.84918e+06
0.018 0.075 1.88454e+06
0.018 0.078 1.91535e+06
0.018 0.081 1.94156e+06
0.018 0.084 1.96308e+06
0.018 0.087 1.97988e+06
0.018 0.09 1.9919e+06
0.018 0.093 1.99913e+06
0.018 0.096 2.00154e+06
0.018 0.099 1.99913e+06
0.018 0.102 1.9919e+06
0.018 0.105 1.97988e+06
0.018 0.108 1.96308e+06
0.018 0.111 1.94156e+06
0.018 0.114 1.91535e+06
0.018 0.117 1.88454e+06
0.018 0.12 1.84918e+06
0.018 0.123 1.80937e+06
0.018 0.126 1.7652e+06
0.018 0.129 1.71678e+06
0.018 0.132 1.66422e+06
0.018 0.135 1.60765e+06
0.018 0.138 1.54721e+06
0.018 0.141 1.48304e+06
0.018 0.144 1.4153e+06
0.018 0.147 1.34415e+06
0.018 0.15 1.26976e+06
0.018 0.153 1.19232e+06
0.018 0.156 1.112e+06
0.018 0.159 1.029e+06
0.018 0.162 943519
0.018 0.165 855768
0.018 0.168 765956
0.018 0.171 674298
0.018 0.174 581016
0.018 0.177 486334
0.018 0.18 390481
0.018 0.183 293687
0.018 0.186 196185
0.018 0.189 98210.9
0.021 0 0
0.021 0.003 96646.8
0.021 0.006 193061
0.021 0.009 289010
0.021 0.012 384262
0.021 0.015 478589
0.021 0.018 571763
0.021 0.021 663560
0.021 0.024 753758
0.021 0.027 842140
0.021 0.03 928493
0.021 0.033 1.01261e+06
0.021 0.036 1.09429e+06
0.021 0.039 1.17333e+06
0.021 0.042 1.24954e+06
0.021 0.045 1.32275e+06
0.021 0.048 1.39276e+06
0.021 0.051 1.45942e+06
0.021 0.054 1.52257e+06
0.021 0.057 1.58205e+06
0.021 0.06 1.63772e+06
0.021 0.063 1.68944e+06
0.021 0.066 1.73709e+06
0.021 0.069 1.78055e+06
0.021 0.072 1.81973e+06
0.021 0.075 1.85453e+06
0.021 0.078 1.88485e+06
0.021 0.081 1.91064e+06
0.021 0.084 1.93182e+06
0.021 0.087 1.94834e+06
0.021 0.09 1.96018e+06
0.021 0.093 1.96729e+06
0.021 0.096 1.96966e+06
0.021 0.099 1.96729e+06
0.021 0.102 1.96018e+06
0.021 0.105 1.94834e+06
0.021 0.108 1.93182e+06
0.021 0.111 1.91064e+06
0.021 0.114 1.88485e+06
0.021 0.117 1.85453e+06
0.021 0.12 1.81973e+06
0.021 0.123 1.78055e+06
0.021 0.126 1.73709e+06
0.021 0.129 1.68944e+06
0.021 0.132 1.63772e+06
0.021 0.135 1.58205e+06
0.021 0.138 1.52257e+06
0.021 0.141 1.45942e+06
0.021 0.144 1.39276e+06
0.021 0.147 1.32275e+06
0.021 0.15 1.24954e+06
0.021 0.153 1.17333e+06
0.021 0.156 1.09429e+06
0.021 0.159 1.01261e+06
0.021 0.162 928493
0.021 0.165 842140
0.021 0.168 753758
0.021 0.171 663560
0.021 0.174 571763
0.021 0.177 478589
0.021 0.18 384262
0.021 0.183 289010
0.021 0.186 193061
0.021 0.189 96646.8
0.024 0 0
0.024 0.003 94857.4
0.024 0.006 189486
0.024 0.009 283659
0.024 0.012 377148
0.024 0.015 469728
0.024 0.018 561177
0.024 0.021 651274
0.024 0.024 739802
0.024 0.027 826548
0.024 0.03 911302
0.024 0.033 993861
0.024 0.036 1.07403e+06
0.024 0.039 1.1516e+06
0.024 0.042 1.22641e+06
0.024 0.045 1.29825e+06
0.024 0.048 1.36698e+06
0.024 0.051 1.4324e+06
0.024 0.054 1.49438e+06
0.024 0.057 1.55276e+06
0.024 0.06 1.60739e+06
0.024 0.063 1.65816e+06
0.024 0.066 1.70493e+06
0.024 0.069 1.74759e+06
0.024 0.072 1.78604e+06
0.024 0.075 1.82019e+06
0.024 0.078 1.84995e+06
0.024 0.081 1.87526e+06
0.024 0.084 1.89605e+06
0.024 0.087 1.91227e+06
0.024 0.09 1.92389e+06
0.024 0.093 1.93087e+06
0.024 0.096 1.9332e+06
0.024 0.099 1.93087e+06
0.024 0.102 1.92389e+06
0.024 0.105 1.91227e+06
0.024 0.108 1.89605e+06
0.024 0.111 1.87526e+06
0.024 0.114 1.84995e+06
0.024 0.117 1.82019e+06
0.024 0.12 1.78604e+06
0.024 0.123 1.74759e+06
0.024 0.126 1.70493e+06
0.024 0.129 1.65816e+06
0.024 0.132 1.60739e+06
0.024 0.135 1.55276e+06
0.024 0.138 1.49438e+06
0.024 0.141 1.4324e+06
0.024 0.144 1.36698e+06
0.024 0.147 1.29825e+06
0.024 0.15 1.22641e+06
0.024 0.153 1.1516e+06
0.024 0.156 1.07403e+06
0.024 0.159 993861
0.024 0.162 911302
0.024 0.165 826548
0.024 0.168 739802
0.024 0.171 651274
0.024 0.174 561177
0.024 0.177 469728
0.024 0.18 377148
0.024 0.183 283659
0.024 0.186 189486
0.024 0.189 94857.4
0.027 0 0
0.027 0.003 92849.1
0.027 0.006 185475
0.027 0.009 277653
0.027 0.012 369163
0.027 0.015 459783
0.027 0.018 549296
0.027 0.021 637485
0.027 0.024 724139
0.027 0.027 809048
0.027 0.03 892008
0.027 0.033 972819
0.027 0.036 1.05129e+06
0.027 0.039 1.12722e+06
0.027 0.042 1.20044e+06
0.027 0.045 1.27077e+06
0.027 0.048 1.33803e+06
0.027 0.051 1.40208e+06
0.027 0.054 1.46274e+06
0.027 0.057 1.51988e+06
0.027 0.06 1.57336e+06
0.027 0.063 1.62305e+06
0.027 0.066 1.66883e+06
0.027 0.069 1.71059e+06
0.027 0.072 1.74823e+06
0.027 0.075 1.78165e+06
0.027 0.078 1.81079e+06
0.027 0.081 1.83556e+06
0.027 0.084 1.85591e+06
0.027 0.087 1.87179e+06
0.027 0.09 1.88315e+06
0.027 0.093 1.88999e+06
0.027 0.096 1.89227e+06
0.027 0.099 1.88999e+06
0.027 0.102 1.88315e+06
0.027 0.105 1.87179e+06
0.027 0.108 1.85591e+06
0.027 0.111 1.83556e+06
0.027 0.114 1.81079e+06
0.027 0.117 1.78165e+06
0.027 0.12 1.74823e+06
0.027 0.123 1.71059e+06
0.027 0.126 1.66883e+06
0.027 0.129 1.62305e+06
0.027 0.132 1.57336e+06
0.027 0.135 1.51988e+06
0.027 0.138 1.46274e+06
0.027 0.141 1.40208e+06
0.027 0.144 1.33803e+06
0.027 0.147 1.27077e+06
0.027 0.15 1.20044e+06
0.027 0.153 1.12722e+06
0.027 0.156 1.05129e+06
0.027 0.159 972819
0.027 0.162 892008
0.027 0.165 809048
0.027 0.168 724139
0.027 0.171 637485
0.027 0.174 549296
0.027 0.177 459783
0.027 0.18 369163
0.027 0.183 277653
0.027 0.186 185475
0.027 0.189 92849.1
0.03 0 0
0.03 0.003 90629.1
0.03 0.006 181040
0.03 0.009 271014
0.03 0.012 360336
0.03 0.015 448790
0.03 0.018 536162
0.03 0.021 622243
0.03 0.024 706825
0.03 0.027 789704
0.03 0.03 870680
0.03 0.033 949559
0.03 0.036 1.02615e+06
0.03 0.039 1.10027e+06
0.03 0.042 1.17174e+06
0.03 0.045 1.24038e+06
0.03 0.048 1.30604e+06
0.03 0.051 1.36855e+06
0.03 0.054 1.42777e+06
0.03 0.057 1.48354e+06
0.03 0.06 1.53574e+06
0.03 0.063 1.58424e+06
0.03 0.066 1.62893e+06
0.03 0.069 1.66969e+06
0.03 0.072 1.70643e+06
0.03 0.075 1.73905e+06
0.03 0.078 1.76749e+06
0.03 0.081 1.79167e+06
0.03 0.084 1.81153e+06
0.03 0.087 1.82703e+06
0.03 0.09 1.83813e+06
0.03 0.093 1.8448e+06
0.03 0.096 1.84702e+06
0.03 0.099 1.8448e+06
0.03 0.102 1.83813e+06
0.03 0.105 1.82703e+06
0.03 0.108 1.81153e+06
0.03 0.111 1.79167e+06
0.03 0.114 1.76749e+06
0.03 0.117 1.73905e+06
0.03 0.12 1.70643e+06
0.03 0.123 1.66969e+06
0.03 0.126 1.62893e+06
0.03 0.129 1.58424e+06
0.03 0.132 1.53574e+06
0.03 0.135 1.48354e+06
0.03 0.138 1.42777e+06
0.03 0.141 1.36855e+06
0.03 0.144 1.30604e+06
0.03 0.147 1.24038e+06
0.03 0.15 1.17174e+06
0.03 0.153 1.10027e+06
0.03 0.156 1.02615e+06
0.03 0.159 949559
0.03 0.162 870680
0.03 0.165 789704
0.03 0.168 706825
0.03 0.171 622243
0.03 0.174 536162
0.03 0.177 448790
0.03 0.18 360336
0.03 0.183 271014
0.03 0.186 181040
0.03 0.189 90629.1
0.033 0 0
0.033 0.003 88205.4
0.033 0.006 176198
0.033 0.009 263767
0.033 0.012 350700
0.033 0.015 436788
0.033 0.018 521823
0.033 0.021 605602
0.033 0.024 687922
0.033 0.027 768584
0.033 0.03 847395
0.033 0.033 924165
0.033 0.036 998708
0.033 0.039 1.07084e+06
0.033 0.042 1.1404e+06
0.033 0.045 1.20721e+06
0.033 0.048 1.27111e+06
0.033 0.051 1.33195e+06
0.033 0.054 1.38958e+06
0.033 0.057 1.44387e+06
0.033 0.06 1.49467e+06
0.033 0.063 1.54188e+06
0.033 0.066 1.58537e+06
0.033 0.069 1.62504e+06
0.033 0.072 1.66079e+06
0.033 0.075 1.69254e+06
0.033 0.078 1.72022e+06
0.033 0.081 1.74375e+06
0.033 0.084 1.76309e+06
0.033 0.087 1.77817e+06
0.033 0.09 1.78897e+06
0.033 0.093 1.79546e+06
0.033 0.096 1.79763e+06
0.033 0.099 1.79546e+06
0.033 0.102 1.78897e+06
0.033 0.105 1.77817e+06
0.033 0.108 1.76309e+06
0.033 0.111 1.74375e+06
0.033 0.114 1.72022e+06
0.033 0.117 1.69254e+06
0.033 0.12 1.66079e+06
0.033 0.123 1.62504e+06
0.033 0.126 1.58537e+06
0.033 0.129 1.54188e+06
0.033 0.132 1.49467e+06
0.033 0.135 1.44387e+06
0.033 0.138 1.38958e+06
0.033 0.141 1.33195e+06
0.033 0.144 1.27111e+06
0.033 0.147 1.20721e+06
0.033 0.15 1.1404e+06
0.033 0.153 1.07084e+06
0.033 0.156 998708
0.033 0.159 924165
0.033 0.162 847395
0.033 0.165 768584
0.033 0.168 687922
0.033 0.171 605602
0.033 0.174 521823
0.033 0.177 436788
0.033 0.18 350700
0.033 0.183 263767
0.033 0.186 176198
0.033 0.189 88205.4
0.036 0 0
0.036 0.003 85586.6
0.036 0.006 170967
0.036 0.009 255935
0.036 0.012 340287
0.036 0.015 423819
0.036 0.018 506331
0.036 0.021 587622
0.036 0.024 667498
0.036 0.027 745765
0.036 0.03 822236
0.036 0.033 896726
0.036 0.036 969056
0.036 0.039 1.03905e+06
0.036 0.042 1.10654e+06
0.036 0.045 1.17137e+06
0.036 0.048 1.23337e+06
0.036 0.051 1.29241e+06
0.036 0.054 1.34833e+06
0.036 0.057 1.401e+06
0.036 0.06 1.4503e+06
0.036 0.063 1.4961e+06
0.036 0.066 1.5383e+06
0.036 0.069 1.57679e+06
0.036 0.072 1.61148e+06
0.036 0.075 1.64229e+06
0.036 0.078 1.66915e+06
0.036 0.081 1.69198e+06
0.036 0.084 1.71074e+06
0.036 0.087 1.72538e+06
0.036 0.09 1.73586e+06
0.036 0.093 1.74215e+06
0.036 0.096 1.74426e+06
0.036 0.099 1.74215e+06
0.036 0.102 1.73586e+06
0.036 0.105 1.72538e+06
0.036 0.108 1.71074e+06
0.036 0.111 1.69198e+06
0.036 0.114 1.66915e+06
0.036 0.117 1.64229e+06
0.036 0.12 1.61148e+06
0.036 0.123 1.57679e+06
0.036 0.126 1.5383e+06
0.036 0.129 1.4961e+06
0.036 0.132 1.4503e+06
0.036 0.135 1.401e+06
0.036 0.138 1.34833e+06
0.036 0.141 1.29241e+06
0.036 0.144 1.23337e+06
0.036 0.147 1.17137e+06
0.036 0.15 1.10654e+06
0.036 0.153 1.03905e+06
0.036 0.156 969056
0.036 0.159 896726
0.036 0.162 822236
0.036 0.165 745765
0.036 0.168 667498
0.036 0.171 587622
0.036 0.174 506331
0.036 0.177 423819
0.036 0.18 340287
0.036 0.183 255935
0.036 0.186 170967
0.036 0.189 85586.6
0.039 0 0
0.039 0.003 82782.1
0.039 0.006 165365
0.039 0.009 247549
0.039 0.012 329137
0.039 0.015 409932
0.039 0.018 489739
0.039 0.021 568367
0.039 0.024 645625
0.039 0.027 721328
0.039 0.03 795293
0.039 0.033 867342
0.039 0.036 937302
0.039 0.039 1.005e+06
0.039 0.042 1.07028e+06
0.039 0.045 1.13299e+06
0.039 0.048 1.19296e+06
0.039 0.051 1.25006e+06
0.039 0.054 1.30415e+06
0.039 0.057 1.35509e+06
0.039 0.06 1.40277e+06
0.039 0.063 1.44707e+06
0.039 0.066 1.48789e+06
0.039 0.069 1.52512e+06
0.039 0.072 1.55868e+06
0.039 0.075 1.58848e+06
0.039 0.078 1.61445e+06
0.039 0.081 1.63654e+06
0.039 0.084 1.65468e+06
0.039 0.087 1.66884e+06
0.039 0.09 1.67898e+06
0.039 0.093 1.68507e+06
0.039 0.096 1.6871e+06
0.039 0.099 1.68507e+06
0.039 0.102 1.67898e+06
0.039 0.105 1.66884e+06
0.039 0.108 1.65468e+06
0.039 0.111 1.63654e+06
0.039 0.114 1.61445e+06
0.039 0.117 1.58848e+06
0.039 0.12 1.55868e+06
0.039 0.123 1.52512e+06
0.039 0.126 1.48789e+06
0.039 0.129 1.44707e+06
0.039 0.132 1.40277e+06
0.039 0.135 1.35509e+06
0.039 0.138 1.30415e+06
0.039 0.141 1.25006e+06
0.039 0.144 1.19296e+06
0.039 0.147 1.13299e+06
0.039 0.15 1.07028e+06
0.039 0.153 1.005e+06
0.039 0.156 937302
0.039 0.159 867342
0.039 0.162 795293
0.039 0.165 721328
0.039 0.168 645625
0.039 0.171 568367
0.039 0.174 489739
0.039 0.177 409932
0.039 0.18 329137
0.039 0.183 247549
0.039 0.186 165365
0.039 0.189 82782.1
0.042 0 0
0.042 0.003 79801.9
0.042 0.006 159411
0.042 0.009 238637
0.042 0.012 317288
0.042 0.015 395174
0.042 0.018 472108
0.042 0.021 547905
0.042 0.024 622382
0.042 0.027 695360
0.042 0.03 766662
0.042 0.033 836118
0.042 0.036 903559
0.042 0.039 968823
0.042 0.042 1.03175e+06
0.042 0.045 1.0922e+06
0.042 0.048 1.15001e+06
0.042 0.051 1.20506e+06
0.042 0.054 1.2572e+06
0.042 0.057 1.30631e+06
0.042 0.06 1.35227e+06
0.042 0.063 1.39498e+06
0.042 0.066 1.43432e+06
0.042 0.069 1.47021e+06
0.042 0.072 1.50256e+06
0.042 0.075 1.53129e+06
0.042 0.078 1.55633e+06
0.042 0.081 1.57762e+06
0.042 0.084 1.59511e+06
0.042 0.087 1.60876e+06
0.042 0.09 1.61853e+06
0.042 0.093 1.6244e+06
0.042 0.096 1.62636e+06
0.042 0.099 1.6244e+06
0.042 0.102 1.61853e+06
0.042 0.105 1.60876e+06
0.042 0.108 1.59511e+06
0.042 0.111 1.57762e+06
0.042 0.114 1.55633e+06
0.042 0.117 1.53129e+06
0.042 0.12 1.50256e+06
0.042 0.123 1.47021e+06
0.042 0.126 1.43432e+06
0.042 0.129 1.39498e+06
0.042 0.132 1.35227e+06
0.042 0.135 1.30631e+06
0.042 0.138 1.2572e+06
0.042 0.141 1.20506e+06
0.042 0.144 1.15001e+06
0.042 0.147 1.0922e+06
0.042 0.15 1.03175e+06
0.042 0.153 968823
0.042 0.156 903559
0.042 0.159 836118
0.042 0.162 766662
0.042 0.165 695360
0.042 0.168 622382
0.042 0.171 547905
0.042 0.174 472108
0.042 0.177 395174
0.042 0.18 317288
0.042 0.183 238637
0.042 0.186 159411
0.042 0.189 79801.9
0.045 0 0
0.045 0.003 76656.6
0.045 0.006 153128
0.045 0.009 229232
0.045 0.012 304782
0.045 0.015 379599
0.045 0.018 453501
0.045 0.021 526310
0.045 0.024 597852
0.045 0.027 667953
0.045 0.03 736445
0.045 0.033 803163
0.045 0.036 867946
0.045 0.039 930639
0.045 0.042 991089
0.045 0.045 1.04915e+06
0.045 0.048 1.10469e+06
0.045 0.051 1.15756e+06
0.045 0.054 1.20765e+06
0.045 0.057 1.25482e+06
0.045 0.06 1.29897e+06
0.045 0.063 1.34e+06
0.045 0.066 1.37779e+06
0.045 0.069 1.41227e+06
0.045 0.072 1.44334e+06
0.045 0.075 1.47094e+06
0.045 0.078 1.49499e+06
0.045 0.081 1.51544e+06
0.045 0.084 1.53224e+06
0.045 0.087 1.54535e+06
0.045 0.09 1.55474e+06
0.045 0.093 1.56038e+06
0.045 0.096 1.56226e+06
0.045 0.099 1.56038e+06
0.045 0.102 1.55474e+06
0.045 0.105 1.54535e+06
0.045 0.108 1.53224e+06
0.045 0.111 1.51544e+06
0.045 0.114 1.49499e+06
0.045 0.117 1.47094e+06
0.045 0.12 1.44334e+06
0.045 0.123 1.41227e+06
0.045 0.126 1.37779e+06
0.045 0.129 1.34e+06
0.045 0.132 1.29897e+06
0.045 0.135 1.25482e+06
0.045 0.138 1.20765e+06
0.045 0.141 1.15756e+06
0.045 0.144 1.10469e+06
0.045 0.147 1.04915e+06
0.045 0.15 991089
0.045 0.153 930639
0.045 0.156 867946
0.045 0.159 803163
0.045 0.162 736445
0.045 0.165 667953
0.045 0.168 597852
0.045 0.171 526310
0.045 0.174 453501
0.045 0.177 379599
0.045 0.18 304782
0.045 0.183 229232
0.045 0.186 153128
0.045 0.189 76656.6
0.048 0 0
0.048 0.003 73357.4
0.048 0.006 146538
0.048 0.009 219366
0.048 0.012 291665
0.048 0.015 363261
0.048 0.018 433983
0.048 0.021 503659
0.048 0.024 572121
0.048 0.027 639206
0.048 0.03 704750
0.048 0.033 768597
0.048 0.036 830591
0.048 0.039 890585
0.048 0.042 948434
0.048 0.045 1.004e+06
0.048 0.048 1.05714e+06
0.048 0.051 1.10774e+06
0.048 0.054 1.15567e+06
0.048 0.057 1.20082e+06
0.048 0.06 1.24307e+06
0.048 0.063 1.28233e+06
0.048 0.066 1.31849e+06
0.048 0.069 1.35149e+06
0.048 0.072 1.38122e+06
0.048 0.075 1.40763e+06
0.048 0.078 1.43065e+06
0.048 0.081 1.45022e+06
0.048 0.084 1.4663e+06
0.048 0.087 1.47884e+06
0.048 0.09 1.48783e+06
0.048 0.093 1.49322e+06
0.048 0.096 1.49503e+06
0.048 0.099 1.49322e+06
0.048 0.102 1.48783e+06
0.048 0.105 1.47884e+06
0.048 0.108 1.4663e+06
0.048 0.111 1.45022e+06
0.048 0.114 1.43065e+06
0.048 0.117 1.40763e+06
0.048 0.12 1.38122e+06
0.048 0.123 1.35149e+06
0.048 0.126 1.31849e+06
0.048 0.129 1.28233e+06
0.048 0.132 1.24307e+06
0.048 0.135 1.20082e+06
0.048 0.138 1.15567e+06
0.048 0.141 1.10774e+06
0.048 0.144 1.05714e+06
0.048 0.147 1.004e+06
0.048 0.15 948434
0.048 0.153 890585
0.048 0.156 830591
0.048 0.159 768597
0.048 0.162 704750
0.048 0.165 639206
0.048 0.168 572121
0.048 0.171 503659
0.048 0.174 433983
0.048 0.177 363261
0.048 0.18 291665
0.048 0.183 219366
0.048 0.186 146538
0.048 0.189 73357.4
0.051 0 0
0.051 0.003 69916
0.051 0.006 139664
0.051 0.009 209075
0.051 0.012 277982
0.051 0.015 346220
0.051 0.018 413624
0.051 0.021 480031
0.051 0.024 545282
0.051 0.027 609219
0.051 0.03 671688
0.051 0.033 732540
0.051 0.036 791626
0.051 0.039 848806
0.051 0.042 903941
0.051 0.045 956898
0.051 0.048 1.00755e+06
0.051 0.051 1.05577e+06
0.051 0.054 1.10145e+06
0.051 0.057 1.14448e+06
0.051 0.06 1.18475e+06
0.051 0.063 1.22217e+06
0.051 0.066 1.25664e+06
0.051 0.069 1.28809e+06
0.051 0.072 1.31643e+06
0.051 0.075 1.3416e+06
0.051 0.078 1.36353e+06
0.051 0.081 1.38219e+06
0.051 0.084 1.39751e+06
0.051 0.087 1.40947e+06
0.051 0.09 1.41803e+06
0.051 0.093 1.42317e+06
0.051 0.096 1.42489e+06
0.051 0.099 1.42317e+06
0.051 0.102 1.41803e+06
0.051 0.105 1.40947e+06
0.051 0.108 1.39751e+06
0.051 0.111 1.38219e+06
0.051 0.114 1.36353e+06
0.051 0.117 1.3416e+06
0.051 0.12 1.31643e+06
0.051 0.123 1.28809e+06
0.051 0.126 1.25664e+06
0.051 0.129 1.22217e+06
0.051 0.132 1.18475e+06
0.051 0.135 1.14448e+06
0.051 0.138 1.10145e+06
0.051 0.141 1.05577e+06
0.051 0.144 1.00755e+06
0.051 0.147 956898
0.051 0.15 903941
0.051 0.153 848806
0.051 0.156 791626
0.051 0.159 732540
0.051 0.162 671688
0.051 0.165 609219
0.051 0.168 545282
0.051 0.171 480031
0.051 0.174 413624
0.051 0.177 346220
0.051 0.18 277982
0.051 0.183 209075
0.051 0.186 139664
0.051 0.189 69916
0.054 0 0
0.054 0.003 66344.6
0.054 0.006 132529
0.054 0.009 198395
0.054 0.012 263782
0.054 0.015 328535
0.054 0.018 392495
0.054 0.021 455510
0.054 0.024 517428
0.054 0.027 578099
0.054 0.03 637378
0.054 0.033 695121
0.054 0.036 751189
0.054 0.039 805448
0.054 0.042 857766
0.054 0.045 908018
0.054 0.048 956082
0.054 0.051 1.00184e+06
0.054 0.054 1.04519e+06
0.054 0.057 1.08602e+06
0.054 0.06 1.12423e+06
0.054 0.063 1.15974e+06
0.054 0.066 1.19245e+06
0.054 0.069 1.22229e+06
0.054 0.072 1.24918e+06
0.054 0.075 1.27307e+06
0.054 0.078 1.29388e+06
0.054 0.081 1.31158e+06
0.054 0.084 1.32612e+06
0.054 0.087 1.33747e+06
0.054 0.09 1.34559e+06
0.054 0.093 1.35048e+06
0.054 0.096 1.3521e+06
0.054 0.099 1.35048e+06
0.054 0.102 1.34559e+06
0.054 0.105 1.33747e+06
0.054 0.108 1.32612e+06
0.054 0.111 1.31158e+06
0.054 0.114 1.29388e+06
0.054 0.117 1.27307e+06
0.054 0.12 1.24918e+06
0.054 0.123 1.22229e+06
0.054 0.126 1.19245e+06
0.054 0.129 1.15974e+06
0.054 0.132 1.12423e+06
0.054 0.135 1.08602e+06
0.054 0.138 1.04519e+06
0.054 0.141 1.00184e+06
0.054 0.144 956082
0.054 0.147 908018
0.054 0.15 857766
0.054 0.153 805448
0.054 0.156 751189
0.054 0.159 695121
0.054 0.162 637378
0.054 0.165 578099
0.054 0.168 517428
0.054 0.171 455510
0.054 0.174 392495
0.054 0.177 328535
0.054 0.18 263782
0.054 0.183 198395
0.054 0.186 132529
0.054 0.189 66344.6
0.057 0 0
0.057 0.003 62655.8
0.057 0.006 125161
0.057 0.009 187364
0.057 0.012 249116
0.057 0.015 310268
0.057 0.018 370672
0.057 0.021 430183
0.057 0.024 488658
0.057 0.027 545956
0.057 0.03 601939
0.057 0.033 656471
0.057 0.036 709422
0.057 0.039 760664
0.057 0.042 810073
0.057 0.045 857531
0.057 0.048 902923
0.057 0.051 946139
0.057 0.054 987077
0.057 0.057 1.02564e+06
0.057 0.06 1.06172e+06
0.057 0.063 1.09526e+06
0.057 0.066 1.12615e+06
0.057 0.069 1.15433e+06
0.057 0.072 1.17973e+06
0.057 0.075 1.20228e+06
0.057 0.078 1.22194e+06
0.057 0.081 1.23866e+06
0.057 0.084 1.25239e+06
0.057 0.087 1.2631e+06
0.057 0.09 1.27078e+06
0.057 0.093 1.27539e+06
0.057 0.096 1.27693e+06
0.057 0.099 1.27539e+06
0.057 0.102 1.27078e+06
0.057 0.105 1.2631e+06
0.057 0.108 1.25239e+06
0.057 0.111 1.23866e+06
0.057 0.114 1.22194e+06
0.057 0.117 1.20228e+06
0.057 0.12 1.17973e+06
0.057 0.123 1.15433e+06
0.057 0.126 1.12615e+06
0.057 0.129 1.09526e+06
0.057 0.132 1.06172e+06
0.057 0.135 1.02564e+06
0.057 0.138 987077
0.057 0.141 946139
0.057 0.144 902923
0.057 0.147 857531
0.057 0.15 810073
0.057 0.153 760664
0.057 0.156 709422
0.057 0.159 656471
0.057 0.162 601939
0.057 0.165 545956
0.057 0.168 488658
0.057 0.171 430183
0.057 0.174 370672
0.057 0.177 310268
0.057 0.18 249116
0.057 0.183 187364
0.057 0.186 125161
0.057 0.189 62655.8
0.06 0 0
0.06 0.003 58862.4
0.06 0.006 117583
0.06 0.009 176020
0.06 0.012 234034
0.06 0.015 291483
0.06 0.018 348231
0.06 0.021 404139
0.06 0.024 459074
0.06 0.027 512903
0.06 0.03 565496
0.06 0.033 616727
0.06 0.036 666472
0.06 0.039 714611
0.06 0.042 761029
0.06 0.045 805614
0.06 0.048 848258
0.06 0.051 888858
0.06 0.054 927317
0.06 0.057 963542
0.06 0.06 997446
0.06 0.063 1.02895e+06
0.06 0.066 1.05797e+06
0.06 0.069 1.08444e+06
0.06 0.072 1.1083e+06
0.06 0.075 1.12949e+06
0.06 0.078 1.14796e+06
0.06 0.081 1.16367e+06
0.06 0.084 1.17657e+06
0.06 0.087 1.18663e+06
0.06 0.09 1.19384e+06
0.06 0.093 1.19817e+06
0.06 0.096 1.19962e+06
0.06 0.099 1.19817e+06
0.06 0.102 1.19384e+06
0.06 0.105 1.18663e+06
0.06 0.108 1.17657e+06
0.06 0.111 1.16367e+06
0.06 0.114 1.14796e+06
0.06 0.117 1.12949e+06
0.06 0.12 1.1083e+06
0.06 0.123 1.08444e+06
0.06 0.126 1.05797e+06
0.06 0.129 1.02895e+06
0.06 0.132 997446
0.06 0.135 963542
0.06 0.138 927317
0.06 0.141 888858
0.06 0.144 848258
0.06 0.147 805614
0.06 0.15 761029
0.06 0.153 714611
0.06 0.156 666472
0.06 0.159 616727
0.06 0.162 565496
0.06 0.165 512903
0.06 0.168 459074
0.06 0.171 404139
0.06 0.174 348231
0.06 0.177 291483
0.06 0.18 234034
0.06 0.183 176020
0.06 0.186 117583
0.06 0.189 58862.4
0.063 0 0
0.063 0.003 54977.9
0.063 0.006 109823
0.063 0.009 164404
0.063 0.012 218589
0.063 0.015 272248
0.063 0.018 325250
0.063 0.021 377469
0.063 0.024 428778
0.063 0.027 479055
0.063 0.03 528177
0.063 0.033 576027
0.063 0.036 622489
0.063 0.039 667452
0.063 0.042 710807
0.063 0.045 752449
0.063 0.048 792279
0.063 0.051 830200
0.063 0.054 866121
0.063 0.057 899955
0.063 0.06 931621
0.063 0.063 961043
0.063 0.066 988150
0.063 0.069 1.01288e+06
0.063 0.072 1.03516e+06
0.063 0.075 1.05495e+06
0.063 0.078 1.07221e+06
0.063 0.081 1.08687e+06
0.063 0.084 1.09892e+06
0.063 0.087 1.10832e+06
0.063 0.09 1.11506e+06
0.063 0.093 1.1191e+06
0.063 0.096 1.12045e+06
0.063 0.099 1.1191e+06
0.063 0.102 1.11506e+06
0.063 0.105 1.10832e+06
0.063 0.108 1.09892e+06
0.063 0.111 1.08687e+06
0.063 0.114 1.07221e+06
0.063 0.117 1.05495e+06
0.063 0.12 1.03516e+06
0.063 0.123 1.01288e+06
0.063 0.126 988150
0.063 0.129 961043
0.063 0.132 931621
0.063 0.135 899955
0.063 0.138 866121
0.063 0.141 830200
0.063 0.144 792279
0.063 0.147 752449
0.063 0.15 710807
0.063 0.153 667452
0.063 0.156 622489
0.063 0.159 576027
0.063 0.162 528177
0.063 0.165 479055
0.063 0.168 428778
0.063 0.171 377469
0.063 0.174 325250
0.063 0.177 272248
0.063 0.18 218589
0.063 0.183 164404
0.063 0.186 109823
0.063 0.189 54977.9
0.066 0 0
0.066 0.003 51015.8
0.066 0.006 101909
0.066 0.009 152556
0.066 0.012 202836
0.066 0.015 252627
0.066 0.018 301810
0.066 0.021 350266
0.066 0.024 397877
0.066 0.027 444531
0.066 0.03 490113
0.066 0.033 534514
0.066 0.036 577628
0.066 0.039 619351
0.066 0.042 659581
0.066 0.045 698222
0.066 0.048 735181
0.066 0.051 770370
0.066 0.054 803702
0.066 0.057 835098
0.066 0.06 864482
0.066 0.063 891784
0.066 0.066 916937
0.066 0.069 939881
0.066 0.072 960561
0.066 0.075 978927
0.066 0.078 994934
0.066 0.081 1.00854e+06
0.066 0.084 1.01973e+06
0.066 0.087 1.02845e+06
0.066 0.09 1.0347e+06
0.066 0.093 1.03845e+06
0.066 0.096 1.0397e+06
0.066 0.099 1.03845e+06
0.066 0.102 1.0347e+06
0.066 0.105 1.02845e+06
0.066 0.108 1.01973e+06
0.066 0.111 1.00854e+06
0.066 0.114 994934
0.066 0.117 978927
0.066 0.12 960561
0.066 0.123 939881
0.066 0.126 916937
0.066 0.129 891784
0.066 0.132 864482
0.066 0.135 835098
0.066 0.138 803702
0.066 0.141 770370
0.066 0.144 735181
0.066 0.147 698222
0.066 0.15 659581
0.066 0.153 619351
0.066 0.156 577628
0.066 0.159 534514
0.066 0.162 490113
0.066 0.165 444531
0.066 0.168 397877
0.066 0.171 350266
0.066 0.174 301810
0.066 0.177 252627
0.066 0.18 202836
0.066 0.183 152556
0.066 0.186 101909
0.066 0.189 51015.8
0.069 0 0
0.069 0.003 46989.9
0.069 0.006 93866.6
0.069 0.009 140517
0.069 0.012 186829
0.069 0.015 232691
0.069 0.018 277993
0.069 0.021 322624
0.069 0.024 366479
0.069 0.027 409450
0.069 0.03 451435
0.069 0.033 492333
0.069 0.036 532044
0.069 0.039 570474
0.069 0.042 607530
0.069 0.045 643122
0.069 0.048 677164
0.069 0.051 709575
0.069 0.054 740277
0.069 0.057 769196
0.069 0.06 796261
0.069 0.063 821408
0.069 0.066 844576
0.069 0.069 865710
0.069 0.072 884758
0.069 0.075 901674
0.069 0.078 916418
0.069 0.081 928955
0.069 0.084 939254
0.069 0.087 947290
0.069 0.09 953043
0.069 0.093 956501
0.069 0.096 957655
0.069 0.099 956501
0.069 0.102 953043
0.069 0.105 947290
0.069 0.108 939254
0.069 0.111 928955
0.069 0.114 916418
0.069 0.117 901674
0.069 0.12 884758
0.069 0.123 865710
0.069 0.126 844576
0.069 0.129 821408
0.069 0.132 796261
0.069 0.135 769196
0.069 0.138 740277
0.069 0.141 709575
0.069 0.144 677164
0.069 0.147 643122
0.069 0.15 607530
0.069 0.153 570474
0.069 0.156 532044
0.069 0.159 492333
0.069 0.162 451435
0.069 0.165 409450
0.069 0.168 366479
0.069 0.171 322624
0.069 0.174 277993
0.069 0.177 232691
0.069 0.18 186829
0.069 0.183 140517
0.069 0.186 93866.6
0.069 0.189 46989.9
0.072 0 0
0.072 0.003 42914.1
0.072 0.006 85724.7
0.072 0.009 128329
0.072 0.012 170624
0.072 0.015 212508
0.072 0.018 253880
0.072 0.021 294640
0.072 0.024 334691
0.072 0.027 373935
0.072 0.03 412279
0.072 0.033 449629
0.072 0.036 485896
0.072 0.039 520992
0.072 0.042 554834
0.072 0.045 587338
0.072 0.048 618428
0.072 0.051 648028
0.072 0.054 676067
0.072 0.057 702477
0.072 0.06 727194
0.072 0.063 750160
0.072 0.066 771319
0.072 0.069 790619
0.072 0.072 808015
0.072 0.075 823464
0.072 0.078 836930
0.072 0.081 848379
0.072 0.084 857784
0.072 0.087 865123
0.072 0.09 870378
0.072 0.093 873536
0.072 0.096 874589
0.072 0.099 873536
0.072 0.102 870378
0.072 0.105 865123
0.072 0.108 857784
0.072 0.111 848379
0.072 0.114 836930
0.072 0.117 823464
0.072 0.12 808015
0.072 0.123 790619
0.072 0.126 771319
0.072 0.129 750160
0.072 0.132 727194
0.072 0.135 702477
0.072 0.138 676067
0.072 0.141 648028
0.072 0.144 618428
0.072 0.147 587338
0.072 0.15 554834
0.072 0.153 520992
0.072 0.156 485896
0.072 0.159 449629
0.072 0.162 412279
0.072 0.165 373935
0.072 0.168 334691
0.072 0.171 294640
0.072 0.174 253880
0.072 0.177 212508
0.072 0.18 170624
0.072 0.183 128329
0.072 0.186 85724.7
0.072 0.189 42914.1
0.075 0 0
0.075 0.003 38802.4
0.075 0.006 77511.3
0.075 0.009 116033
0.075 0.012 154276
0.075 0.015 192147
0.075 0.018 229555
0.075 0.021 266410
0.075 0.024 302624
0.075 0.027 338108
0.075 0.03 372777
0.075 0.033 406549
0.075 0.036 439341
0.075 0.039 471075
0.075 0.042 501674
0.075 0.045 531064
0.075 0.048 559175
0.075 0.051 585939
0.075 0.054 611292
0.075 0.057 635171
0.075 0.06 657521
0.075 0.063 678286
0.075 0.066 697417
0.075 0.069 714869
0.075 0.072 730598
0.075 0.075 744567
0.075 0.078 756742
0.075 0.081 767094
0.075 0.084 775599
0.075 0.087 782234
0.075 0.09 786985
0.075 0.093 789841
0.075 0.096 790793
0.075 0.099 789841
0.075 0.102 786985
0.075 0.105 782234
0.075 0.108 775599
0.075 0.111 767094
0.075 0.114 756742
0.075 0.117 744567
0.075 0.12 730598
0.075 0.123 714869
0.075 0.126 697417
0.075 0.129 678286
0.075 0.132 657521
0.075 0.135 635171
0.075 0.138 611292
0.075 0.141 585939
0.075 0.144 559175
0.075 0.147 531064
0.075 0.15 501674
0.075 0.153 471075
0.075 0.156 439341
0.075 0.159 406549
0.075 0.162 372777
0.075 0.165 338108
0.075 0.168 302624
0.075 0.171 266410
0.075 0.174 229555
0.075 0.177 192147
0.075 0.18 154276
0.075 0.183 116033
0.075 0.186 77511.3
0.075 0.189 38802.4
0.078 0 0
0.078 0.003 34669
0.078 0.006 69254.5
0.078 0.009 103673
0.078 0.012 137842
0.078 0.015 171679
0.078 0.018 205102
0.078 0.021 238031
0.078 0.024 270387
0.078 0.027 302091
0.078 0.03 333068
0.078 0.033 363242
0.078 0.036 392541
0.078 0.039 420894
0.078 0.042 448234
0.078 0.045 474493
0.078 0.048 499610
0.078 0.051 523522
0.078 0.054 546174
0.078 0.057 567510
0.078 0.06 587479
0.078 0.063 606032
0.078 0.066 623126
0.078 0.069 638718
0.078 0.072 652771
0.078 0.075 665252
0.078 0.078 676131
0.078 0.081 685380
0.078 0.084 692978
0.078 0.087 698907
0.078 0.09 703152
0.078 0.093 705704
0.078 0.096 706555
0.078 0.099 705704
0.078 0.102 703152
0.078 0.105 698907
0.078 0.108 692978
0.078 0.111 685380
0.078 0.114 676131
0.078 0.117 665252
0.078 0.12 652771
0.078 0.123 638718
0.078 0.126 623126
0.078 0.129 606032
0.078 0.132 587479
0.078 0.135 567510
0.078 0.138 546174
0.078 0.141 523522
0.078 0.144 499610
0.078 0.147 474493
0.078 0.15 448234
0.078 0.153 420894
0.078 0.156 392541
0.078 0.159 363242
0.078 0.162 333068
0.078 0.165 302091
0.078 0.168 270387
0.078 0.171 238031
0.078 0.174 205102
0.078 0.177 171679
0.078 0.18 137842
0.078 0.183 103673
0.078 0.186 69254.5
0.078 0.189 34669
0.081 0 0
0.081 0.003 30528
0.081 0.006 60982.4
0.081 0.009 91289.9
0.081 0.012 121378
0.081 0.015 151173
0.081 0.018 180604
0.081 0.021 209600
0.081 0.024 238091
0.081 0.027 266008
0.081 0.03 293284
0.081 0.033 319854
0.081 0.036 345654
0.081 0.039 370621
0.081 0.042 394694
0.081 0.045 417818
0.081 0.048 439934
0.081 0.051 460991
0.081 0.054 480937
0.081 0.057 499724
0.081 0.06 517308
0.081 0.063 533645
0.081 0.066 548697
0.081 0.069 562427
0.081 0.072 574801
0.081 0.075 585792
0.081 0.078 595371
0.081 0.081 603515
0.081 0.084 610206
0.081 0.087 615427
0.081 0.09 619165
0.081 0.093 621411
0.081 0.096 622161
0.081 0.099 621411
0.081 0.102 619165
0.081 0.105 615427
0.081 0.108 610206
0.081 0.111 603515
0.081 0.114 595371
0.081 0.117 585792
0.081 0.12 574801
0.081 0.123 562427
0.081 0.126 548697
0.081 0.129 533645
0.081 0.132 517308
0.081 0.135 499724
0.081 0.138 480937
0.081 0.141 460991
0.081 0.144 439934
0.081 0.147 417818
0.081 0.15 394694
0.081 0.153 370621
0.081 0.156 345654
0.081 0.159 319854
0.081 0.162 293284
0.081 0.165 266008
0.081 0.168 238091
0.081 0.171 209600
0.081 0.174 180604
0.081 0.177 151173
0.081 0.18 121378
0.081 0.183 91289.9
0.081 0.186 60982.4
0.081 0.189 30528
0.084 0 0
0.084 0.003 26393.4
0.084 0.006 52723.2
0.084 0.009 78925.9
0.084 0.012 104939
0.084 0.015 130698
0.084 0.018 156143
0.084 0.021 181212
0.084 0.024 205844
0.084 0.027 229981
0.084 0.03 253563
0.084 0.033 276535
0.084 0.036 298840
0.084 0.039 320425
0.084 0.042 341238
0.084 0.045 361230
0.084 0.048 380351
0.084 0.051 398556
0.084 0.054 415800
0.084 0.057 432043
0.084 0.06 447245
0.084 0.063 461370
0.084 0.066 474383
0.084 0.069 486253
0.084 0.072 496952
0.084 0.075 506454
0.084 0.078 514736
0.084 0.081 521777
0.084 0.084 527562
0.084 0.087 532075
0.084 0.09 535307
0.084 0.093 537249
0.084 0.096 537897
0.084 0.099 537249
0.084 0.102 535307
0.084 0.105 532075
0.084 0.108 527562
0.084 0.111 521777
0.084 0.114 514736
0.084 0.117 506454
0.084 0.12 496952
0.084 0.123 486253
0.084 0.126 474383
0.084 0.129 461370
0.084 0.132 447245
0.084 0.135 432043
0.084 0.138 415800
0.084 0.141 398556
0.084 0.144 380351
0.084 0.147 361230
0.084 0.15 341238
0.084 0.153 320425
0.084 0.156 298840
0.084 0.159 276535
0.084 0.162 253563
0.084 0.165 229981
0.084 0.168 205844
0.084 0.171 181212
0.084 0.174 156143
0.084 0.177 130698
0.084 0.18 104939
0.084 0.183 78925.9
0.084 0.186 52723.2
0.084 0.189 26393.4
0.087 0 0
0.087 0.003 22279.1
0.087 0.006 44504.6
0.087 0.009 66622.8
0.087 0.012 88580.6
0.087 0.015 110325
0.087 0.018 131803
0.087 0.021 152965
0.087 0.024 173757
0.087 0.027 194131
0.087 0.03 214037
0.087 0.033 233428
0.087 0.036 252256
0.087 0.039 270477
0.087 0.042 288046
0.087 0.045 304921
0.087 0.048 321061
0.087 0.051 336428
0.087 0.054 350985
0.087 0.057 364696
0.087 0.06 377528
0.087 0.063 389451
0.087 0.066 400436
0.087 0.069 410456
0.087 0.072 419487
0.087 0.075 427507
0.087 0.078 434498
0.087 0.081 440442
0.087 0.084 445325
0.087 0.087 449135
0.087 0.09 451863
0.087 0.093 453502
0.087 0.096 454049
0.087 0.099 453502
0.087 0.102 451863
0.087 0.105 449135
0.087 0.108 445325
0.087 0.111 440442
0.087 0.114 434498
0.087 0.117 427507
0.087 0.12 419487
0.087 0.123 410456
0.087 0.126 400436
0.087 0.129 389451
0.087 0.132 377528
0.087 0.135 364696
0.087 0.138 350985
0.087 0.141 336428
0.087 0.144 321061
0.087 0.147 304921
0.087 0.15 288046
0.087 0.153 270477
0.087 0.156 252256
0.087 0.159 233428
0.087 0.162 214037
0.087 0.165 194131
0.087 0.168 173757
0.087 0.171 152965
0.087 0.174 131803
0.087 0.177 110325
0.087 0.18 88580.6
0.087 0.183 66622.8
0.087 0.186 44504.6
0.087 0.189 22279.1
0.09 0 0
0.09 0.003 18199
0.09 0.006 36354.2
0.09 0.009 54421.8
0.09 0.012 72358.3
0.09 0.015 90120.5
0.09 0.018 107666
0.09 0.021 124951
0.09 0.024 141936
0.09 0.027 158579
0.09 0.03 174839
0.09 0.033 190679
0.09 0.036 206059
0.09 0.039 220943
0.09 0.042 235294
0.09 0.045 249079
0.09 0.048 262263
0.09 0.051 274816
0.09 0.054 286707
0.09 0.057 297907
0.09 0.06 308389
0.09 0.063 318128
0.09 0.066 327101
0.09 0.069 335286
0.09 0.072 342664
0.09 0.075 349215
0.09 0.078 354926
0.09 0.081 359781
0.09 0.084 363770
0.09 0.087 366882
0.09 0.09 369110
0.09 0.093 370450
0.09 0.096 370896
0.09 0.099 370450
0.09 0.102 369110
0.09 0.105 366882
0.09 0.108 363770
0.09 0.111 359781
0.09 0.114 354926
0.09 0.117 349215
0.09 0.12 342664
0.09 0.123 335286
0.09 0.126 327101
0.09 0.129 318128
0.09 0.132 308389
0.09 0.135 297907
0.09 0.138 286707
0.09 0.141 274816
0.09 0.144 262263
0.09 0.147 249079
0.09 0.15 235294
0.09 0.153 220943
0.09 0.156 206059
0.09 0.159 190679
0.09 0.162 174839
0.09 0.165 158579
0.09 0.168 141936
0.09 0.171 124951
0.09 0.174 107666
0.09 0.177 90120.5
0.09 0.18 72358.3
0.09 0.183 54421.8
0.09 0.186 36354.2
0.09 0.189 18199
0.093 0 0
0.093 0.003 14166.6
0.093 0.006 28299.1
0.093 0.009 42363.4
0.093 0.012 56325.6
0.093 0.015 70152.2
0.093 0.018 83809.7
0.093 0.021 97265.3
0.093 0.024 110487
0.093 0.027 123442
0.093 0.03 136100
0.093 0.033 148429
0.093 0.036 160402
0.093 0.039 171988
0.093 0.042 183159
0.093 0.045 193890
0.093 0.048 204153
0.093 0.051 213924
0.093 0.054 223180
0.093 0.057 231898
0.093 0.06 240058
0.093 0.063 247640
0.093 0.066 254624
0.093 0.069 260996
0.093 0.072 266738
0.093 0.075 271838
0.093 0.078 276284
0.093 0.081 280063
0.093 0.084 283168
0.093 0.087 285591
0.093 0.09 287325
0.093 0.093 288368
0.093 0.096 288716
0.093 0.099 288368
0.093 0.102 287325
0.093 0.105 285591
0.093 0.108 283168
0.093 0.111 280063
0.093 0.114 276284
0.093 0.117 271838
0.093 0.12 266738
0.093 0.123 260996
0.093 0.126 254624
0.093 0.129 247640
0.093 0.132 240058
0.093 0.135 231898
0.093 0.138 223180
0.093 0.141 213924
0.093 0.144 204153
0.093 0.147 193890
0.093 0.15 183159
0.093 0.153 171988
0.093 0.156 160402
0.093 0.159 148429
0.093 0.162 136100
0.093 0.165 123442
0.093 0.168 110487
0.093 0.171 97265.3
0.093 0.174 83809.7
0.093 0.177 70152.2
0.093 0.18 56325.6
0.093 0.183 42363.4
0.093 0.186 28299.1
0.093 0.189 14166.6
0.096 0 0
0.096 0.003 10195.1
0.096 0.006 20365.7
0.096 0.009 30487.2
0.096 0.012 40535.3
0.096 0.015 50485.7
0.096 0.018 60314.5
0.096 0.021 69998
0.096 0.024 79512.9
0.096 0.027 88836.2
0.096 0.03 97945.5
0.096 0.033 106819
0.096 0.036 115435
0.096 0.039 123773
0.096 0.042 131812
0.096 0.045 139535
0.096 0.048 146921
0.096 0.051 153953
0.096 0.054 160614
0.096 0.057 166888
0.096 0.06 172760
0.096 0.063 178216
0.096 0.066 183243
0.096 0.069 187828
0.096 0.072 191961
0.096 0.075 195631
0.096 0.078 198830
0.096 0.081 201550
0.096 0.084 203785
0.096 0.087 205528
0.096 0.09 206777
0.096 0.093 207527
0.096 0.096 207777
0.096 0.099 207527
0.096 0.102 206777
0.096 0.105 205528
0.096 0.108 203785
0.096 0.111 201550
0.096 0.114 198830
0.096 0.117 195631
0.096 0.12 191961
0.096 0.123 187828
0.096 0.126 183243
0.096 0.129 178216
0.096 0.132 172760
0.096 0.135 166888
0.096 0.138 160614
0.096 0.141 153953
0.096 0.144 146921
0.096 0.147 139535
0.096 0.15 131812
0.096 0.153 123773
0.096 0.156 115435
0.096 0.159 106819
0.096 0.162 97945.5
0.096 0.165 88836.2
0.096 0.168 79512.9
0.096 0.171 69998
0.096 0.174 60314.5
0.096 0.177 50485.7
0.096 0.18 40535.3
0.096 0.183 30487.2
0.096 0.186 20365.7
0.096 0.189 10195.1
0.099 0 0
0.099 0.003 6297.61
0.099 0.006 12580
0.099 0.009 18832.2
0.099 0.012 25038.9
0.099 0.015 31185.4
0.099 0.018 37256.7
0.099 0.021 43238.3
0.099 0.024 49115.7
0.099 0.027 54874.7
0.099 0.03 60501.6
0.099 0.033 65982.7
0.099 0.036 71304.9
0.099 0.039 76455.3
0.099 0.042 81421.5
0.099 0.045 86191.5
0.099 0.048 90753.9
0.099 0.051 95097.7
0.099 0.054 99212.3
0.099 0.057 103088
0.099 0.06 106715
0.099 0.063 110086
0.099 0.066 113191
0.099 0.069 116023
0.099 0.072 118576
0.099 0.075 120843
0.099 0.078 122819
0.099 0.081 124499
0.099 0.084 125879
0.099 0.087 126956
0.099 0.09 127727
0.099 0.093 128191
0.099 0.096 128345
0.099 0.099 128191
0.099 0.102 127727
0.099 0.105 126956
0.099 0.108 125879
0.099 0.111 124499
0.099 0.114 122819
0.099 0.117 120843
0.099 0.12 118576
0.099 0.123 116023
0.099 0.126 113191
0.099 0.129 110086
0.099 0.132 106715
0.099 0.135 103088
0.099 0.138 99212.3
0.099 0.141 95097.7
0.099 0.144 90753.9
0.099 0.147 86191.5
0.099 0.15 81421.5
0.099 0.153 76455.3
0.099 0.156 71304.9
0.099 0.159 65982.7
0.099 0.162 60501.6
0.099 0.165 54874.7
0.099 0.168 49115.7
0.099 0.171 43238.3
0.099 0.174 37256.7
0.099 0.177 31185.4
0.099 0.18 25038.9
0.099 0.183 18832.2
0.099 0.186 12580
0.099 0.189 6297.61
0.102 0 0
0.102 0.003 2486.6
0.102 0.006 4967.21
0.102 0.009 7435.85
0.102 0.012 9886.57
0.102 0.015 12313.5
0.102 0.018 14710.7
0.102 0.021 17072.5
0.102 0.024 19393.2
0.102 0.027 21667.2
0.102 0.03 23888.9
0.102 0.033 26053.1
0.102 0.036 28154.6
0.102 0.039 30188.2
0.102 0.042 32149.1
0.102 0.045 34032.5
0.102 0.048 35834
0.102 0.051 37549.1
0.102 0.054 39173.8
0.102 0.057 40704.1
0.102 0.06 42136.3
0.102 0.063 43467
0.102 0.066 44693
0.102 0.069 45811.4
0.102 0.072 46819.4
0.102 0.075 47714.5
0.102 0.078 48494.8
0.102 0.081 49158.2
0.102 0.084 49703.2
0.102 0.087 50128.4
0.102 0.09 50432.9
0.102 0.093 50615.9
0.102 0.096 50676.9
0.102 0.099 50615.9
0.102 0.102 50432.9
0.102 0.105 50128.4
0.102 0.108 49703.2
0.102 0.111 49158.2
0.102 0.114 48494.8
0.102 0.117 47714.5
0.102 0.12 46819.4
0.102 0.123 45811.4
0.102 0.126 44693
0.102 0.129 43467
0.102 0.132 42136.3
0.102 0.135 40704.1
0.102 0.138 39173.8
0.102 0.141 37549.1
0.102 0.144 35834
0.102 0.147 34032.5
0.102 0.15 32149.1
0.102 0.153 30188.2
0.102 0.156 28154.6
0.102 0.159 26053.1
0.102 0.162 23888.9
0.102 0.165 21667.2
0.102 0.168 19393.2
0.102 0.171 17072.5
0.102 0.174 14710.7
0.102 0.177 12313.5
0.102 0.18 9886.57
0.102 0.183 7435.85
0.102 0.186 4967.21
0.102 0.189 2486.6
