0 -3.72008e-44
0 -3.72008e-44
0 -3.72008e-44
0 -3.72008e-44
0 -3.72008e-44
0 -3.72008e-44
0 -3.72008e-44
0 -3.72008e-44
0 -3.72008e-44
0 -3.72008e-44
0 -3.72008e-44
0 -3.72008e-44
0 -3.72008e-44
0 -3.72008e-44
0 -3.72008e-44
0 -3.72008e-44
0 -3.72008e-44
0 -3.72008e-44
0 -3.72008e-44
0 -3.72008e-44
0 -3.72008e-44
0 -3.72008e-44
0 -3.72008e-44
0 -3.72008e-44
0 -3.72008e-44
0 -3.72008e-44
0 -3.72008e-44
0 -3.72008e-44
0 -3.72008e-44
0 -3.72008e-44
0 -3.72008e-44
0 -3.72008e-44
0.001 0.004985
0.001 0.004985
0.001 -0.00923471
0.001 -0.00923471
0.001 0.0121916
0.001 0.0121916
0.001 -0.0135945
0.001 -0.0135945
0.001 0.0135038
0.001 0.0135038
0.001 -0.0122359
0.001 -0.0122359
0.001 0.0102422
0.001 0.0102422
0.001 -0.00798015
0.001 -0.00798015
0.001 0.00581566
0.001 0.00581566
0.001 -0.00397741
0.001 -0.00397741
0.001 0.00255883
0.001 0.00255883
0.001 -0.00155124
0.001 -0.00155124
0.001 0.000887338
0.001 0.000887338
0.001 -0.000479417
0.001 -0.000479417
0.001 0.000244851
0.001 0.000244851
0.001 -0.000118287
0.001 -0.000118287
0.002 0.009966
0.002 0.009966
0.002 -0.018371
0.002 -0.018371
0.002 0.0240533
0.002 0.0240533
0.002 -0.0265102
0.002 -0.0265102
0.002 0.0259378
0.002 0.0259378
0.002 -0.0230669
0.002 -0.0230669
0.002 0.0188805
0.002 0.0188805
0.002 -0.014329
0.002 -0.014329
0.002 0.0101301
0.002 0.0101301
0.002 -0.00669175
0.002 -0.00669175
0.002 0.00413893
0.002 0.00413893
0.002 -0.00240022
0.002 -0.00240022
0.002 0.00130617
0.002 0.00130617
0.002 -0.000667308
0.002 -0.000667308
0.002 0.000320091
0.002 0.000320091
0.002 -0.000144121
0.002 -0.000144121
0.003 0.014939
0.003 0.014939
0.003 -0.027311
0.003 -0.027311
0.003 0.035263
0.003 0.035263
0.003 -0.0380996
0.003 -0.0380996
0.003 0.0363133
0.003 0.0363133
0.003 -0.0312448
0.003 -0.0312448
0.003 0.0245571
0.003 0.0245571
0.003 -0.0177435
0.003 -0.0177435
0.003 0.0118249
0.003 0.0118249
0.003 -0.00727729
0.003 -0.00727729
0.003 0.0041331
0.003 0.0041331
0.003 -0.00216063
0.003 -0.00216063
0.003 0.00103409
0.003 0.00103409
0.003 -0.000448675
0.003 -0.000448675
0.003 0.000173185
0.003 0.000173185
0.003 -5.70943e-05
0.003 -5.70943e-05
0.004 0.0199001
0.004 0.0199001
0.004 -0.0359586
0.004 -0.0359586
0.004 0.0455142
0.004 0.0455142
0.004 -0.0477775
0.004 -0.0477775
0.004 0.0437981
0.004 0.0437981
0.004 -0.0358179
0.004 -0.0358179
0.004 0.026369
0.004 0.026369
0.004 -0.0175124
0.004 -0.0175124
0.004 0.0104513
0.004 0.0104513
0.004 -0.00553925
0.004 -0.00553925
0.004 0.00253732
0.004 0.00253732
0.004 -0.000936885
0.004 -0.000936885
0.004 0.000212364
0.004 0.000212364
0.004 4.48513e-05
0.004 4.48513e-05
0.004 -9.47621e-05
0.004 -9.47621e-05
0.004 7.50755e-05
0.004 7.50755e-05
0.005 0.0248452
0.005 0.0248452
0.005 -0.0442197
0.005 -0.0442197
0.005 0.054523
0.005 0.054523
0.005 -0.0550478
0.005 -0.0550478
0.005 0.0477808
0.005 0.0477808
0.005 -0.0362385
0.005 -0.0362385
0.005 0.0240094
0.005 0.0240094
0.005 -0.013662
0.005 -0.013662
0.005 0.00634727
0.005 0.00634727
0.005 -0.00201793
0.005 -0.00201793
0.005 -4.52837e-05
0.005 -4.52837e-05
0.005 0.000720967
0.005 0.000720967
0.005 -0.000727017
0.005 -0.000727017
0.005 0.000513877
0.005 0.000513877
0.005 -0.000298319
0.005 -0.000298319
0.005 0.00014907
0.005 0.00014907
0.006 0.0297704
0.006 0.0297704
0.006 -0.0520031
0.006 -0.0520031
0.006 0.0620354
0.006 0.0620354
0.006 -0.0595279
0.006 -0.0595279
0.006 0.0479177
0.006 0.0479177
0.006 -0.0324267
0.006 -0.0324267
0.006 0.0178176
0.006 0.0178176
0.006 -0.00695546
0.006 -0.00695546
0.006 0.000555957
0.006 0.000555957
0.006 0.0021774
0.006 0.0021774
0.006 -0.00263047
0.006 -0.00263047
0.006 0.00206285
0.006 0.00206285
0.006 -0.00128718
0.006 -0.00128718
0.006 0.000672072
0.006 0.000672072
0.006 -0.000295587
0.006 -0.000295587
0.006 0.000106488
0.006 0.000106488
0.007 0.0346718
0.007 0.0346718
0.007 -0.0592212
0.007 -0.0592212
0.007 0.0678333
0.007 0.0678333
0.007 -0.0609667
0.007 -0.0609667
0.007 0.0441621
0.007 0.0441621
0.007 -0.0247828
0.007 -0.0247828
0.007 0.00873258
0.007 0.00873258
0.007 0.00125604
0.007 0.00125604
0.007 -0.00543601
0.007 -0.00543601
0.007 0.00571438
0.007 0.00571438
0.007 -0.00422499
0.007 -0.00422499
0.007 0.00247584
0.007 0.00247584
0.007 -0.00116786
0.007 -0.00116786
0.007 0.000420239
0.007 0.000420239
0.007 -8.67801e-05
0.007 -8.67801e-05
0.007 -2.01833e-05
0.007 -2.01833e-05
0.008 0.0395454
0.008 0.0395454
0.008 -0.0657905
0.008 -0.0657905
0.008 0.0717397
0.008 0.0717397
0.008 -0.0592578
0.008 -0.0592578
0.008 0.0367697
0.008 0.0367697
0.008 -0.014147
0.008 -0.014147
0.008 -0.00184676
0.008 -0.00184676
0.008 0.00930066
0.008 0.00930066
0.008 -0.0100753
0.008 -0.0100753
0.008 0.00745658
0.008 0.00745658
0.008 -0.00420528
0.008 -0.00420528
0.008 0.00176246
0.008 0.00176246
0.008 -0.000425549
0.008 -0.000425549
0.008 -9.17292e-05
0.008 -9.17292e-05
0.008 0.000184706
0.008 0.000184706
0.008 -0.000132235
0.008 -0.000132235
0.009 0.0443873
0.009 0.0443873
0.009 -0.0716325
0.009 -0.0716325
0.009 0.0736238
0.009 0.0736238
0.009 -0.0544464
0.009 -0.0544464
0.009 0.0262828
0.009 0.0262828
0.009 -0.00171013
0.009 -0.00171013
0.009 -0.0122715
0.009 -0.0122715
0.009 0.0155207
0.009 0.0155207
0.009 -0.0121395
0.009 -0.0121395
0.009 0.00682509
0.009 0.00682509
0.009 -0.00255947
0.009 -0.00255947
0.009 0.000234391
0.009 0.000234391
0.009 0.000552561
0.009 0.000552561
0.009 -0.000553531
0.009 -0.000553531
0.009 0.000330355
0.009 0.000330355
0.009 -0.000141399
0.009 -0.000141399
0.01 0.0491937
0.01 0.0491937
0.01 -0.0766742
0.01 -0.0766742
0.01 0.0734042
0.01 0.0734042
0.01 -0.0467281
0.01 -0.0467281
0.01 0.013493
0.01 0.013493
0.01 0.0111151
0.01 0.0111151
0.01 -0.0208942
0.01 -0.0208942
0.01 0.0186085
0.01 0.0186085
0.01 -0.0110552
0.01 -0.0110552
0.01 0.00398892
0.01 0.00398892
0.01 0.00010039
0.01 0.00010039
0.01 -0.0014223
0.01 -0.0014223
0.01 0.00124929
0.01 0.00124929
0.01 -0.000681632
0.01 -0.000681632
0.01 0.000246939
0.01 0.000246939
0.01 -3.91781e-05
0.01 -3.91781e-05
0.011 0.0539606
0.011 0.0539606
0.011 -0.0808484
0.011 -0.0808484
0.011 0.0710516
0.011 0.0710516
0.011 -0.0364429
0.011 -0.0364429
0.011 -0.000616238
0.011 -0.000616238
0.011 0.0228496
0.011 0.0228496
0.011 -0.0263231
0.011 -0.0263231
0.011 0.0178767
0.011 0.0178767
0.011 -0.00705473
0.011 -0.00705473
0.011 -0.000177681
0.011 -0.000177681
0.011 0.0027635
0.011 0.0027635
0.011 -0.00245297
0.011 -0.00245297
0.011 0.00128939
0.011 0.00128939
0.011 -0.000392598
0.011 -0.000392598
0.011 -1.0556e-05
0.011 -1.0556e-05
0.011 9.54442e-05
0.011 9.54442e-05
0.012 0.0586844
0.012 0.0586844
0.012 -0.0840945
0.012 -0.0840945
0.012 0.0665903
0.012 0.0665903
0.012 -0.0240611
0.012 -0.0240611
0.012 -0.0149408
0.012 -0.0149408
0.012 0.0321126
0.012 0.0321126
0.012 -0.0276414
0.012 -0.0276414
0.012 0.0134081
0.012 0.0134081
0.012 -0.00112998
0.012 -0.00112998
0.012 -0.00436118
0.012 -0.00436118
0.012 0.00440095
0.012 0.00440095
0.012 -0.00237578
0.012 -0.00237578
0.012 0.000640609
0.012 0.000640609
0.012 0.000142888
0.012 0.000142888
0.012 -0.000264843
0.012 -0.000264843
0.012 0.000156779
0.012 0.000156779
0.013 0.0633611
0.013 0.0633611
0.013 -0.0863589
0.013 -0.0863589
0.013 0.0600981
0.013 0.0600981
0.013 -0.0101635
0.013 -0.0101635
0.013 -0.0283383
0.013 -0.0283383
0.013 0.0377787
0.013 0.0377787
0.013 -0.0245582
0.013 -0.0245582
0.013 0.00605297
0.013 0.00605297
0.013 0.00520938
0.013 0.00520938
0.013 -0.00721798
0.013 -0.00721798
0.013 0.00435985
0.013 0.00435985
0.013 -0.00120549
0.013 -0.00120549
0.013 -0.000363256
0.013 -0.000363256
0.013 0.000600065
0.013 0.000600065
0.013 -0.000337839
0.013 -0.000337839
0.013 9.51334e-05
0.013 9.51334e-05
0.014 0.0679871
0.014 0.0679871
0.014 -0.0875953
0.014 -0.0875953
0.014 0.0517058
0.014 0.0517058
0.014 0.00458275
0.014 0.00458275
0.014 -0.0397142
0.014 -0.0397142
0.014 0.0391096
0.014 0.0391096
0.014 -0.0174661
0.014 -0.0174661
0.014 -0.00272806
0.014 -0.00272806
0.014 0.0103144
0.014 0.0103144
0.014 -0.0078012
0.014 -0.0078012
0.014 0.00262137
0.014 0.00262137
0.014 0.000543625
0.014 0.000543625
0.014 -0.00119266
0.014 -0.00119266
0.014 0.000696011
0.014 0.000696011
0.014 -0.00017491
0.014 -0.00017491
0.014 -4.30477e-05
0.014 -4.30477e-05
0.015 0.0725586
0.015 0.0725586
0.015 -0.0877652
0.015 -0.0877652
0.015 0.041595
0.015 0.041595
0.015 0.0194541
0.015 0.0194541
0.015 -0.0481062
0.015 -0.0481062
0.015 0.0358457
0.015 0.0358457
0.015 -0.00739575
0.015 -0.00739575
0.015 -0.0111475
0.015 -0.0111475
0.015 0.0128195
0.015 0.0128195
0.015 -0.00587083
0.015 -0.00587083
0.015 -0.000178273
0.015 -0.000178273
0.015 0.00208136
0.015 0.00208136
0.015 -0.00139984
0.015 -0.00139984
0.015 0.000363916
0.015 0.000363916
0.015 0.000114489
0.015 0.000114489
0.015 -0.00014992
0.015 -0.00014992
0.016 0.077072
0.016 0.077072
0.016 -0.0868381
0.016 -0.0868381
0.016 0.0299951
0.016 0.0299951
0.016 0.0337025
0.016 0.0337025
0.016 -0.0527614
0.016 -0.0527614
0.016 0.0282472
0.016 0.0282472
0.016 0.004128
0.016 0.004128
0.016 -0.0174475
0.016 -0.0174475
0.016 0.0120019
0.016 0.0120019
0.016 -0.00198731
0.016 -0.00198731
0.016 -0.00297719
0.016 -0.00297719
0.016 0.00269565
0.016 0.00269565
0.016 -0.000859119
0.016 -0.000859119
0.016 -0.000201084
0.016 -0.000201084
0.016 0.000329791
0.016 0.000329791
0.016 -0.000140074
0.016 -0.000140074
0.017 0.0815237
0.017 0.0815237
0.017 -0.0847917
0.017 -0.0847917
0.017 0.0171785
0.017 0.0171785
0.017 0.0465893
0.017 0.0465893
0.017 -0.0531982
0.017 -0.0531982
0.017 0.0170784
0.017 0.0170784
0.017 0.0153099
0.017 0.0153099
0.017 -0.0202587
0.017 -0.0202587
0.017 0.00798606
0.017 0.00798606
0.017 0.00264671
0.017 0.00264671
0.017 -0.00468612
0.017 -0.00468612
0.017 0.00207976
0.017 0.00207976
0.017 0.000158098
0.017 0.000158098
0.017 -0.000655511
0.017 -0.000655511
0.017 0.000317661
0.017 0.000317661
0.017 -1.85742e-05
0.017 -1.85742e-05
0.018 0.0859101
0.018 0.0859101
0.018 -0.0816123
0.018 -0.0816123
0.018 0.00345638
0.018 0.00345638
0.018 0.0574198
0.018 0.0574198
0.018 -0.0492517
0.018 -0.0492517
0.018 0.00353621
0.018 0.00353621
0.018 0.0243552
0.018 0.0243552
0.018 -0.0188915
0.018 -0.0188915
0.018 0.00173504
0.018 0.00173504
0.018 0.00655271
0.018 0.00655271
0.018 -0.00460803
0.018 -0.00460803
0.018 0.000483669
0.018 0.000483669
0.018 0.00111772
0.018 0.00111772
0.018 -0.000715099
0.018 -0.000715099
0.018 8.07588e-05
0.018 8.07588e-05
0.018 0.000120802
0.018 0.000120802
0.019 0.0902277
0.019 0.0902277
0.019 -0.0772947
0.019 -0.0772947
0.019 -0.0108283
0.019 -0.0108283
0.019 0.0655766
0.019 0.0655766
0.019 -0.0410949
0.019 -0.0410949
0.019 -0.0108711
0.019 -0.0108711
0.019 0.0297486
0.019 0.0297486
0.019 -0.0134981
0.019 -0.0134981
0.019 -0.00517332
0.019 -0.00517332
0.019 0.00844149
0.019 0.00844149
0.019 -0.00271926
0.019 -0.00271926
0.019 -0.00138422
0.019 -0.00138422
0.019 0.00150112
0.019 0.00150112
0.019 -0.000331691
0.019 -0.000331691
0.019 -0.000219866
0.019 -0.000219866
0.019 0.000167558
0.019 0.000167558
0.02 0.094473
0.02 0.094473
0.02 -0.0718424
0.02 -0.0718424
0.02 -0.0253072
0.02 -0.0253072
0.02 0.0705501
0.02 0.0705501
0.02 -0.0292375
0.02 -0.0292375
0.02 -0.0244836
0.02 -0.0244836
0.02 0.0304997
0.02 0.0304997
0.02 -0.00506887
0.02 -0.00506887
0.02 -0.0109362
0.02 -0.0109362
0.02 0.00763265
0.02 0.00763265
0.02 0.000299829
0.02 0.000299829
0.02 -0.00266782
0.02 -0.00266782
0.02 0.00108355
0.02 0.00108355
0.02 0.000269936
0.02 0.000269936
0.02 -0.000373469
0.02 -0.000373469
0.02 8.17449e-05
0.02 8.17449e-05
0.021 0.0986426
0.021 0.0986426
0.021 -0.0652675
0.021 -0.0652675
0.021 -0.0395937
0.021 -0.0395937
0.021 0.0719657
0.021 0.0719657
0.021 -0.0144982
0.021 -0.0144982
0.021 -0.0356714
0.021 -0.0356714
0.021 0.0263157
0.021 0.0263157
0.021 0.00474023
0.021 0.00474023
0.021 -0.0139869
0.021 -0.0139869
0.021 0.00429448
0.021 0.00429448
0.021 0.00330459
0.021 0.00330459
0.021 -0.00275199
0.021 -0.00275199
0.021 6.4338e-05
0.021 6.4338e-05
0.021 0.000722373
0.021 0.000722373
0.021 -0.000266611
0.021 -0.000266611
0.021 -7.21192e-05
0.021 -7.21192e-05
0.022 0.102733
0.022 0.102733
0.022 -0.0575906
0.022 -0.0575906
0.022 -0.0532916
0.022 -0.0532916
0.022 0.0696054
0.022 0.0696054
0.022 0.00204503
0.022 0.00204503
0.022 -0.0430194
0.022 -0.0430194
0.022 0.0176741
0.022 0.0176741
0.022 0.0139223
0.022 0.0139223
0.022 -0.0134122
0.022 -0.0134122
0.022 -0.000578684
0.022 -0.000578684
0.022 0.00511388
0.022 0.00511388
0.022 -0.00155452
0.022 -0.00155452
0.022 -0.00102536
0.022 -0.00102536
0.022 0.00073839
0.022 0.00073839
0.022 3.35069e-05
0.022 3.35069e-05
0.022 -0.000173083
0.022 -0.000173083
0.023 0.106742
0.023 0.106742
0.023 -0.0488409
0.023 -0.0488409
0.023 -0.0660026
0.023 -0.0660026
0.023 0.063424
0.023 0.063424
0.023 0.0191271
0.023 0.0191271
0.023 -0.0454959
0.023 -0.0454959
0.023 0.00577994
0.023 0.00577994
0.023 0.0205179
0.023 0.0205179
0.023 -0.0092173
0.023 -0.0092173
0.023 -0.00545411
0.023 -0.00545411
0.023 0.00496846
0.023 0.00496846
0.023 0.000415597
0.023 0.000415597
0.023 -0.00159648
0.023 -0.00159648
0.023 0.000292191
0.023 0.000292191
0.023 0.000320203
0.023 0.000320203
0.023 -0.000138379
0.023 -0.000138379
0.024 0.110664
0.024 0.110664
0.024 -0.0390556
0.024 -0.0390556
0.024 -0.0773349
0.024 -0.0773349
0.024 0.0535576
0.024 0.0535576
0.024 0.0353829
0.024 0.0353829
0.024 -0.0425855
0.024 -0.0425855
0.024 -0.00759087
0.024 -0.00759087
0.024 0.0230203
0.024 0.0230203
0.024 -0.00236365
0.024 -0.00236365
0.024 -0.00873309
0.024 -0.00873309
0.024 0.00284475
0.024 0.00284475
0.024 0.00226952
0.024 0.00226952
0.024 -0.00131777
0.024 -0.00131777
0.024 -0.000354452
0.024 -0.000354452
0.024 0.00038862
0.024 0.00038862
0.024 8.98901e-06
0.024 8.98901e-06
0.025 0.114499
0.025 0.114499
0.025 -0.0282803
0.025 -0.0282803
0.025 -0.0869119
0.025 -0.0869119
0.025 0.0403258
0.025 0.0403258
0.025 0.0494461
0.025 0.0494461
0.025 -0.0343714
0.025 -0.0343714
0.025 -0.0203422
0.025 -0.0203422
0.025 0.0207073
0.025 0.0207073
0.025 0.0054386
0.025 0.0054386
0.025 -0.00926555
0.025 -0.00926555
0.025 -0.000503417
0.025 -0.000503417
0.025 0.00313426
0.025 0.00313426
0.025 -0.000305966
0.025 -0.000305966
0.025 -0.000803687
0.025 -0.000803687
0.025 0.000181337
0.025 0.000181337
0.025 0.000154623
0.025 0.000154623
0.026 0.118241
0.026 0.118241
0.026 -0.016568
0.026 -0.016568
0.026 -0.0943797
0.026 -0.0943797
0.026 0.0242253
0.026 0.0242253
0.026 0.060052
0.026 0.060052
0.026 -0.0215558
0.026 -0.0215558
0.026 -0.0303699
0.026 -0.0303699
0.026 0.0138299
0.026 0.0138299
0.026 0.0121434
0.026 0.0121434
0.026 -0.00674488
0.026 -0.00674488
0.026 -0.0038037
0.026 -0.0038037
0.026 0.00255908
0.026 0.00255908
0.026 0.000917607
0.026 0.000917607
0.026 -0.000764379
0.026 -0.000764379
0.026 -0.000164563
0.026 -0.000164563
0.026 0.000180919
0.026 0.000180919
0.027 0.121889
0.027 0.121889
0.027 -0.00397907
0.027 -0.00397907
0.027 -0.0994152
0.027 -0.0994152
0.027 0.00591693
0.027 0.00591693
0.027 0.066138
0.027 0.066138
0.027 -0.00541399
0.027 -0.00541399
0.027 -0.0358916
0.027 -0.0358916
0.027 0.00361113
0.027 0.00361113
0.027 0.0158898
0.027 0.0158898
0.027 -0.00185089
0.027 -0.00185089
0.027 -0.00573942
0.027 -0.00573942
0.027 0.000746114
0.027 0.000746114
0.027 0.00169147
0.027 0.00169147
0.027 -0.000239448
0.027 -0.000239448
0.027 -0.000406738
0.027 -0.000406738
0.027 6.16174e-05
0.027 6.16174e-05
0.028 0.125439
0.028 0.125439
0.028 0.0094191
0.028 0.0094191
0.028 -0.101734
0.028 -0.101734
0.028 -0.0137951
0.028 -0.0137951
0.028 0.0669341
0.028 0.0669341
0.028 0.0123173
0.028 0.0123173
0.028 -0.0357442
0.028 -0.0357442
0.028 -0.00795199
0.028 -0.00795199
0.028 0.0155038
0.028 0.0155038
0.028 0.00391836
0.028 0.00391836
0.028 -0.0054662
0.028 -0.0054662
0.028 -0.00151047
0.028 -0.00151047
0.028 0.00156785
0.028 0.00156785
0.028 0.000461754
0.028 0.000461754
0.028 -0.000366129
0.028 -0.000366129
0.028 -0.000112897
0.028 -0.000112897
0.029 0.128889
0.029 0.128889
0.029 0.0235527
0.029 0.0235527
0.029 -0.101094
0.029 -0.101094
0.029 -0.0339898
0.029 -0.0339898
0.029 0.0620377
0.029 0.0620377
0.029 0.0296073
0.029 0.0296073
0.029 -0.0296049
0.029 -0.0296049
0.029 -0.0184575
0.029 -0.0184575
0.029 0.0108493
0.029 0.0108493
0.029 0.00868942
0.029 0.00868942
0.029 -0.00297244
0.029 -0.00297244
0.029 -0.00316439
0.029 -0.00316439
0.029 0.000568962
0.029 0.000568962
0.029 0.000902781
0.029 0.000902781
0.029 -5.8588e-05
0.029 -5.8588e-05
0.029 -0.000203228
0.029 -0.000203228
0.03 0.132235
0.03 0.132235
0.03 0.0383421
0.03 0.0383421
0.03 -0.097307
0.03 -0.097307
0.03 -0.0536621
0.03 -0.0536621
0.03 0.0514667
0.03 0.0514667
0.03 0.0443406
0.03 0.0443406
0.03 -0.0180963
0.03 -0.0180963
0.03 -0.0255728
0.03 -0.0255728
0.03 0.00293031
0.03 0.00293031
0.03 0.0108056
0.03 0.0108056
0.03 0.000866259
0.03 0.000866259
0.03 -0.00339486
0.03 -0.00339486
0.03 -0.000798884
0.03 -0.000798884
0.03 0.000789214
0.03 0.000789214
0.03 0.000306456
0.03 0.000306456
0.03 -0.000131674
0.03 -0.000131674
0.031 0.135475
0.031 0.135475
0.031 0.053702
0.031 0.053702
0.031 -0.0902373
0.031 -0.0902373
0.031 -0.0717594
0.031 -0.0717594
0.031 0.0356863
0.031 0.0356863
0.031 0.0545498
0.031 0.0545498
0.031 -0.0027544
0.031 -0.0027544
0.031 -0.0275275
0.031 -0.0275275
0.031 -0.00630016
0.031 -0.00630016
0.031 0.00938739
0.031 0.00938739
0.031 0.00457952
0.031 0.00457952
0.031 -0.00200799
0.031 -0.00200799
0.031 -0.00179574
0.031 -0.00179574
0.031 0.000163517
0.031 0.000163517
0.031 0.00046674
0.031 0.00046674
0.031 5.13034e-05
0.031 5.13034e-05
0.032 0.138607
0.032 0.138607
0.032 0.0695425
0.032 0.0695425
0.032 -0.0798092
0.032 -0.0798092
0.032 -0.0872211
0.032 -0.0872211
0.032 0.0156074
0.032 0.0156074
0.032 0.0586468
0.032 0.0586468
0.032 0.0141459
0.032 0.0141459
0.032 -0.0235255
0.032 -0.0235255
0.032 -0.014394
0.032 -0.014394
0.032 0.00467759
0.032 0.00467759
0.032 0.00665023
0.032 0.00665023
0.032 0.000430586
0.032 0.000430586
0.032 -0.00184279
0.032 -0.00184279
0.032 -0.000601893
0.032 -0.000601893
0.032 0.00029425
0.032 0.00029425
0.032 0.000201313
0.032 0.000201313
0.033 0.141628
0.033 0.141628
0.033 0.0857697
0.033 0.0857697
0.033 -0.0660087
0.033 -0.0660087
0.033 -0.0990205
0.033 -0.0990205
0.033 -0.00744488
0.033 -0.00744488
0.033 0.0556324
0.033 0.0556324
0.033 0.0298913
0.033 0.0298913
0.033 -0.01399
0.033 -0.01399
0.033 -0.0190279
0.033 -0.0190279
0.033 -0.00195566
0.033 -0.00195566
0.033 0.00612092
0.033 0.00612092
0.033 0.00281295
0.033 0.00281295
0.033 -0.000854583
0.033 -0.000854583
0.033 -0.0010221
0.033 -0.0010221
0.033 -0.000103601
0.033 -0.000103601
0.033 0.000193031
0.033 0.000193031
0.034 0.144536
0.034 0.144536
0.034 0.102286
0.034 0.102286
0.034 -0.0488848
0.034 -0.0488848
0.034 -0.106205
0.034 -0.106205
0.034 -0.0317922
0.034 -0.0317922
0.034 0.0452584
0.034 0.0452584
0.034 0.0417228
0.034 0.0417228
0.034 -0.000577693
0.034 -0.000577693
0.034 -0.018641
0.034 -0.018641
0.034 -0.00838713
0.034 -0.00838713
0.034 0.00302326
0.034 0.00302326
0.034 0.00397992
0.034 0.00397992
0.034 0.000679035
0.034 0.000679035
0.034 -0.000803733
0.034 -0.000803733
0.034 -0.000447686
0.034 -0.000447686
0.034 2.44462e-05
0.034 2.44462e-05
0.035 0.147327
0.035 0.147327
0.035 0.11899
0.035 0.11899
0.035 -0.0285507
0.035 -0.0285507
0.035 -0.107937
0.035 -0.107937
0.035 -0.0554888
0.035 -0.0554888
0.035 0.0281269
0.035 0.0281269
0.035 0.0472701
0.035 0.0472701
0.035 0.0140606
0.035 0.0140606
0.035 -0.0129265
0.035 -0.0129265
0.035 -0.0123854
0.035 -0.0123854
0.035 -0.00155473
0.035 -0.00155473
0.035 0.00327528
0.035 0.00327528
0.035 0.00192582
0.035 0.00192582
0.035 -4.76499e-05
0.035 -4.76499e-05
0.035 -0.000480743
0.035 -0.000480743
0.035 -0.000173833
0.035 -0.000173833
0.036 0.149997
0.036 0.149997
0.036 0.135777
0.036 0.135777
0.036 -0.00518305
0.036 -0.00518305
0.036 -0.103529
0.036 -0.103529
0.036 -0.0764307
0.036 -0.0764307
0.036 0.00571095
0.036 0.00571095
0.036 0.0449704
0.036 0.0449704
0.036 0.0267481
0.036 0.0267481
0.036 -0.00303489
0.036 -0.00303489
0.036 -0.0123593
0.036 -0.0123593
0.036 -0.00582311
0.036 -0.00582311
0.036 0.000904805
0.036 0.000904805
0.036 0.00215466
0.036 0.00215466
0.036 0.000787906
0.036 0.000787906
0.036 -0.00015858
0.036 -0.00015858
0.036 -0.000238379
0.036 -0.000238379
0.037 0.15254
0.037 0.15254
0.037 0.15254
0.037 0.15254
0.037 0.0209777
0.037 0.0209777
0.037 -0.0924809
0.037 -0.0924809
0.037 -0.0924809
0.037 -0.0924809
0.037 -0.0197107
0.037 -0.0197107
0.037 0.03441
0.037 0.03441
0.037 0.03441
0.037 0.03441
0.037 0.00859391
0.037 0.00859391
0.037 -0.00796401
0.037 -0.00796401
0.037 -0.00796401
0.037 -0.00796401
0.037 -0.00208989
0.037 -0.00208989
0.037 0.00115922
0.037 0.00115922
0.037 0.00115922
0.037 0.00115922
0.037 0.00030196
0.037 0.00030196
0.037 -0.00010696
0.037 -0.00010696
0.038 0.154938
0.038 0.154938
0.038 0.169158
0.038 0.169158
0.038 0.0496239
0.038 0.0496239
0.038 -0.0745083
0.038 -0.0745083
0.038 -0.101607
0.038 -0.101607
0.038 -0.0452046
0.038 -0.0452046
0.038 0.016533
0.038 0.016533
0.038 0.0347554
0.038 0.0347554
0.038 0.0187682
0.038 0.0187682
0.038 -0.00034932
0.038 -0.00034932
0.038 -0.00688556
0.038 -0.00688556
0.038 -0.00426772
0.038 -0.00426772
0.038 -0.000579284
0.038 -0.000579284
0.038 0.00078747
0.038 0.00078747
0.038 0.000565251
0.038 0.000565251
0.038 0.000122314
0.038 0.000122314
0.039 0.157149
0.039 0.157149
0.039 0.185486
0.039 0.185486
0.039 0.0803696
0.039 0.0803696
0.039 -0.0495799
0.039 -0.0495799
0.039 -0.102028
0.039 -0.102028
0.039 -0.0674167
0.039 -0.0674167
0.039 -0.00632616
0.039 -0.00632616
0.039 0.0268833
0.039 0.0268833
0.039 0.0243553
0.039 0.0243553
0.039 0.00807453
0.039 0.00807453
0.039 -0.00275614
0.039 -0.00275614
0.039 -0.00446527
0.039 -0.00446527
0.039 -0.00210835
0.039 -0.00210835
0.039 -0.000134876
0.039 -0.000134876
0.039 0.000419429
0.039 0.000419429
0.039 0.000262127
0.039 0.000262127
0.04 0.159065
0.04 0.159065
0.04 0.201315
0.04 0.201315
0.04 0.112719
0.04 0.112719
0.04 -0.0179641
0.04 -0.0179641
0.04 -0.0923769
0.04 -0.0923769
0.04 -0.0828844
0.04 -0.0828844
0.04 -0.0306181
0.04 -0.0306181
0.04 0.0116824
0.04 0.0116824
0.04 0.0231875
0.04 0.0231875
0.04 0.0143391
0.04 0.0143391
0.04 0.00292869
0.04 0.00292869
0.04 -0.00240838
0.04 -0.00240838
0.04 -0.00251455
0.04 -0.00251455
0.04 -0.00103178
0.04 -0.00103178
0.04 -5.38736e-05
0.04 -5.38736e-05
0.04 0.000187979
0.04 0.000187979
0.041 0.160443
0.041 0.160443
0.041 0.216302
0.041 0.216302
0.041 0.145996
0.041 0.145996
0.041 0.0196928
0.041 0.0196928
0.041 -0.0718828
0.041 -0.0718828
0.041 -0.0884215
0.041 -0.0884215
0.041 -0.0519757
0.041 -0.0519757
0.041 -0.00809436
0.041 -0.00809436
0.041 0.0148314
0.041 0.0148314
0.041 0.0159131
0.041 0.0159131
0.041 0.00783653
0.041 0.00783653
0.041 0.00105436
0.041 0.00105436
0.041 -0.00146393
0.041 -0.00146393
0.041 -0.00129642
0.041 -0.00129642
0.041 -0.000517536
0.041 -0.000517536
0.041 -5.10661e-05
0.041 -5.10661e-05
0.042 0.160759
0.042 0.160759
0.042 0.229824
0.042 0.229824
0.042 0.179215
0.042 0.179215
0.042 0.0622318
0.042 0.0622318
0.042 -0.0405968
0.042 -0.0405968
0.042 -0.0815767
0.042 -0.0815767
0.042 -0.0658297
0.042 -0.0658297
0.042 -0.0281584
0.042 -0.0281584
0.042 0.00098238
0.042 0.00098238
0.042 0.0116888
0.042 0.0116888
0.042 0.00971614
0.042 0.00971614
0.042 0.00426275
0.042 0.00426275
0.042 0.000541395
0.042 0.000541395
0.042 -0.000699499
0.042 -0.000699499
0.042 -0.000615551
0.042 -0.000615551
0.042 -0.000261099
0.042 -0.000261099
0.043 0.15898
0.043 0.15898
0.043 0.240754
0.043 0.240754
0.043 0.210853
0.043 0.210853
0.043 0.107767
0.043 0.107767
0.043 0.000321811
0.043 0.000321811
0.043 -0.0611592
0.043 -0.0611592
0.043 -0.068219
0.043 -0.068219
0.043 -0.0434459
0.043 -0.0434459
0.043 -0.0147071
0.043 -0.0147071
0.043 0.0026019
0.043 0.0026019
0.043 0.00740976
0.043 0.00740976
0.043 0.00551557
0.043 0.00551557
0.043 0.00237779
0.043 0.00237779
0.043 0.000418538
0.043 0.000418538
0.043 -0.000245898
0.043 -0.000245898
0.043 -0.00025926
0.043 -0.00025926
0.044 0.153249
0.044 0.153249
0.044 0.247142
0.044 0.247142
0.044 0.238548
0.044 0.238548
0.044 0.153393
0.044 0.153393
0.044 0.048264
0.044 0.048264
0.044 -0.027807
0.044 -0.027807
0.044 -0.0567285
0.044 -0.0567285
0.044 -0.049252
0.044 -0.049252
0.044 -0.0274409
0.044 -0.0274409
0.044 -0.00841515
0.044 -0.00841515
0.044 0.00152422
0.044 0.00152422
0.044 0.00396394
0.044 0.00396394
0.044 0.00291621
0.044 0.00291621
0.044 0.00132812
0.044 0.00132812
0.044 0.000338339
0.044 0.000338339
0.044 -3.31941e-05
0.044 -3.31941e-05
0.045 0.140537
0.045 0.140537
0.045 0.245873
0.045 0.245873
0.045 0.258757
0.045 0.258757
0.045 0.194863
0.045 0.194863
0.045 0.0988359
0.045 0.0988359
0.045 0.0154888
0.045 0.0154888
0.045 -0.0314231
0.045 -0.0314231
0.045 -0.0425706
0.045 -0.0425706
0.045 -0.0326397
0.045 -0.0326397
0.045 -0.0172678
0.045 -0.0172678
0.045 -0.00560589
0.045 -0.00560589
0.045 0.000169904
0.045 0.000169904
0.045 0.00171525
0.045 0.00171525
0.045 0.00138143
0.045 0.00138143
0.045 0.000696499
0.045 0.000696499
0.045 0.000234918
0.045 0.000234918
0.046 0.116427
0.046 0.116427
0.046 0.232447
0.046 0.232447
0.046 0.26655
0.046 0.26655
0.046 0.226419
0.046 0.226419
0.046 0.145689
0.046 0.145689
0.046 0.0630797
0.046 0.0630797
0.046 0.00445672
0.046 0.00445672
0.046 -0.0233355
0.046 -0.0233355
0.046 -0.0275399
0.046 -0.0275399
0.046 -0.0201608
0.046 -0.0201608
0.046 -0.0107762
0.046 -0.0107762
0.046 -0.00402665
0.046 -0.00402665
0.046 -0.000630166
0.046 -0.000630166
0.046 0.000475926
0.046 0.000475926
0.046 0.000531928
0.046 0.000531928
0.046 0.000313406
0.046 0.000313406
0.047 0.0752917
0.047 0.0752917
0.047 0.20116
0.047 0.20116
0.047 0.255802
0.047 0.255802
0.047 0.241002
0.047 0.241002
0.047 0.18078
0.047 0.18078
0.047 0.106851
0.047 0.106851
0.047 0.0443636
0.047 0.0443636
0.047 0.00486085
0.047 0.00486085
0.047 -0.0125241
0.047 -0.0125241
0.047 -0.0152208
0.047 -0.0152208
0.047 -0.0113322
0.047 -0.0113322
0.047 -0.00636939
0.047 -0.00636939
0.047 -0.00275244
0.047 -0.00275244
0.047 -0.00082152
0.047 -0.00082152
0.047 -6.02384e-05
0.047 -6.02384e-05
0.047 0.000121999
0.047 0.000121999
0.048 0.0111694
0.048 0.0111694
0.048 0.145978
0.048 0.145978
0.048 0.220067
0.048 0.220067
0.048 0.231177
0.048 0.231177
0.048 0.19535
0.048 0.19535
0.048 0.137208
0.048 0.137208
0.048 0.0792216
0.048 0.0792216
0.048 0.0350218
0.048 0.0350218
0.048 0.00840387
0.048 0.00840387
0.048 -0.00360734
0.048 -0.00360734
0.048 -0.00654853
0.048 -0.00654853
0.048 -0.00540222
0.048 -0.00540222
0.048 -0.00330134
0.048 -0.00330134
0.048 -0.00161935
0.048 -0.00161935
0.048 -0.000637492
0.048 -0.000637492
0.048 -0.00018601
0.048 -0.00018601
0.049 -0.0805072
0.049 -0.0805072
0.049 0.0622717
0.049 0.0622717
0.049 0.154325
0.049 0.154325
0.049 0.190911
0.049 0.190911
0.049 0.181791
0.049 0.181791
0.049 0.145027
0.049 0.145027
0.049 0.0993022
0.049 0.0993022
0.049 0.0582527
0.049 0.0582527
0.049 0.0284459
0.049 0.0284459
0.049 0.0105105
0.049 0.0105105
0.049 0.0017484
0.049 0.0017484
0.049 -0.00139067
0.049 -0.00139067
0.049 -0.0018145
0.049 -0.0018145
0.049 -0.00131677
0.049 -0.00131677
0.049 -0.000739483
0.049 -0.000739483
0.049 -0.000344575
0.049 -0.000344575
0.05 -0.200512
0.05 -0.200512
0.05 -0.0507921
0.05 -0.0507921
0.05 0.0573855
0.05 0.0573855
0.05 0.118017
0.05 0.118017
0.05 0.136191
0.05 0.136191
0.05 0.12434
0.05 0.12434
0.05 0.0969977
0.05 0.0969977
0.05 0.0663865
0.05 0.0663865
0.05 0.040159
0.05 0.040159
0.05 0.0213622
0.05 0.0213622
0.05 0.00978438
0.05 0.00978438
0.05 0.00364381
0.05 0.00364381
0.05 0.00089875
0.05 0.00089875
0.05 -6.45711e-05
0.05 -6.45711e-05
0.05 -0.000259403
0.05 -0.000259403
0.05 -0.000206062
0.05 -0.000206062
0.051 -0.343461
0.051 -0.343461
0.051 -0.187879
0.051 -0.187879
0.051 -0.0657391
0.051 -0.0657391
0.051 0.0165644
0.051 0.0165644
0.051 0.0608613
0.051 0.0608613
0.051 0.075062
0.051 0.075062
0.051 0.0697622
0.051 0.0697622
0.051 0.0550242
0.051 0.0550242
0.051 0.0383315
0.051 0.0383315
0.051 0.023979
0.051 0.023979
0.051 0.0135565
0.051 0.0135565
0.051 0.00692586
0.051 0.00692586
0.051 0.0031775
0.051 0.0031775
0.051 0.00128883
0.051 0.00128883
0.051 0.000445921
0.051 0.000445921
0.051 0.000119202
0.051 0.000119202
0.052 -0.496575
0.052 -0.496575
0.052 -0.336251
0.052 -0.336251
0.052 -0.202592
0.052 -0.202592
0.052 -0.101836
0.052 -0.101836
0.052 -0.0342756
0.052 -0.0342756
0.052 0.00461198
0.052 0.00461198
0.052 0.022064
0.052 0.022064
0.052 0.0258158
0.052 0.0258158
0.052 0.0224482
0.052 0.0224482
0.052 0.0165915
0.052 0.0165915
0.052 0.0108989
0.052 0.0108989
0.052 0.00649016
0.052 0.00649016
0.052 0.00353811
0.052 0.00353811
0.052 0.00177436
0.052 0.00177436
0.052 0.000820046
0.052 0.000820046
0.052 0.000349048
0.052 0.000349048
0.053 -0.640641
0.053 -0.640641
0.053 -0.476731
0.053 -0.476731
0.053 -0.334224
0.053 -0.334224
0.053 -0.218957
0.053 -0.218957
0.053 -0.132493
0.053 -0.132493
0.053 -0.0726575
0.053 -0.0726575
0.053 -0.0347896
0.053 -0.0347896
0.053 -0.0132142
0.053 -0.0132142
0.053 -0.00249191
0.053 -0.00249191
0.053 0.00180024
0.053 0.00180024
0.053 0.00279013
0.053 0.00279013
0.053 0.00240639
0.053 0.00240639
0.053 0.00166795
0.053 0.00166795
0.053 0.00100991
0.053 0.00100991
0.053 0.000551806
0.053 0.000551806
0.053 0.000276432
0.053 0.000276432
0.054 -0.753561
0.054 -0.753561
0.054 -0.587246
0.054 -0.587246
0.054 -0.43874
0.054 -0.43874
0.054 -0.313472
0.054 -0.313472
0.054 -0.213685
0.054 -0.213685
0.054 -0.138654
0.054 -0.138654
0.054 -0.0854396
0.054 -0.0854396
0.054 -0.049871
0.054 -0.049871
0.054 -0.0274936
0.054 -0.0274936
0.054 -0.0142641
0.054 -0.0142641
0.054 -0.00693132
0.054 -0.00693132
0.054 -0.00313309
0.054 -0.00313309
0.054 -0.00130338
0.054 -0.00130338
0.054 -0.000489775
0.054 -0.000489775
0.054 -0.000160008
0.054 -0.000160008
0.054 -4.1029e-05
0.054 -4.1029e-05
0.055 -0.815779
0.055 -0.815779
0.055 -0.648256
0.055 -0.648256
0.055 -0.496721
0.055 -0.496721
0.055 -0.366353
0.055 -0.366353
0.055 -0.259681
0.055 -0.259681
0.055 -0.17667
0.055 -0.17667
0.055 -0.115231
0.055 -0.115231
0.055 -0.0719844
0.055 -0.0719844
0.055 -0.043033
0.055 -0.043033
0.055 -0.0246005
0.055 -0.0246005
0.055 -0.0134398
0.055 -0.0134398
0.055 -0.00701308
0.055 -0.00701308
0.055 -0.00349368
0.055 -0.00349368
0.055 -0.00166087
0.055 -0.00166087
0.055 -0.000753184
0.055 -0.000753184
0.055 -0.000325716
0.055 -0.000325716
0.056 -0.815779
0.056 -0.815779
0.056 -0.648256
0.056 -0.648256
0.056 -0.496721
0.056 -0.496721
0.056 -0.366353
0.056 -0.366353
0.056 -0.259681
0.056 -0.259681
0.056 -0.17667
0.056 -0.17667
0.056 -0.115231
0.056 -0.115231
0.056 -0.0719844
0.056 -0.0719844
0.056 -0.043033
0.056 -0.043033
0.056 -0.0246005
0.056 -0.0246005
0.056 -0.0134398
0.056 -0.0134398
0.056 -0.00701308
0.056 -0.00701308
0.056 -0.00349368
0.056 -0.00349368
0.056 -0.00166087
0.056 -0.00166087
0.056 -0.000753184
0.056 -0.000753184
0.056 -0.000325716
0.056 -0.000325716
0.057 -0.753561
0.057 -0.753561
0.057 -0.587246
0.057 -0.587246
0.057 -0.43874
0.057 -0.43874
0.057 -0.313472
0.057 -0.313472
0.057 -0.213685
0.057 -0.213685
0.057 -0.138654
0.057 -0.138654
0.057 -0.0854396
0.057 -0.0854396
0.057 -0.049871
0.057 -0.049871
0.057 -0.0274936
0.057 -0.0274936
0.057 -0.0142641
0.057 -0.0142641
0.057 -0.00693132
0.057 -0.00693132
0.057 -0.00313309
0.057 -0.00313309
0.057 -0.00130338
0.057 -0.00130338
0.057 -0.000489775
0.057 -0.000489775
0.057 -0.000160008
0.057 -0.000160008
0.057 -4.1029e-05
0.057 -4.1029e-05
0.058 -0.640641
0.058 -0.640641
0.058 -0.476731
0.058 -0.476731
0.058 -0.334224
0.058 -0.334224
0.058 -0.218957
0.058 -0.218957
0.058 -0.132493
0.058 -0.132493
0.058 -0.0726575
0.058 -0.0726575
0.058 -0.0347896
0.058 -0.0347896
0.058 -0.0132142
0.058 -0.0132142
0.058 -0.00249191
0.058 -0.00249191
0.058 0.00180024
0.058 0.00180024
0.058 0.00279013
0.058 0.00279013
0.058 0.00240639
0.058 0.00240639
0.058 0.00166795
0.058 0.00166795
0.058 0.00100991
0.058 0.00100991
0.058 0.000551806
0.058 0.000551806
0.058 0.000276432
0.058 0.000276432
0.059 -0.496575
0.059 -0.496575
0.059 -0.336251
0.059 -0.336251
0.059 -0.202592
0.059 -0.202592
0.059 -0.101836
0.059 -0.101836
0.059 -0.0342756
0.059 -0.0342756
0.059 0.00461198
0.059 0.00461198
0.059 0.022064
0.059 0.022064
0.059 0.0258158
0.059 0.0258158
0.059 0.0224482
0.059 0.0224482
0.059 0.0165915
0.059 0.0165915
0.059 0.0108989
0.059 0.0108989
0.059 0.00649016
0.059 0.00649016
0.059 0.00353811
0.059 0.00353811
0.059 0.00177436
0.059 0.00177436
0.059 0.000820046
0.059 0.000820046
0.059 0.000349048
0.059 0.000349048
0.06 -0.343461
0.06 -0.343461
0.06 -0.187879
0.06 -0.187879
0.06 -0.0657391
0.06 -0.0657391
0.06 0.0165644
0.06 0.0165644
0.06 0.0608613
0.06 0.0608613
0.06 0.075062
0.06 0.075062
0.06 0.0697622
0.06 0.0697622
0.06 0.0550242
0.06 0.0550242
0.06 0.0383315
0.06 0.0383315
0.06 0.023979
0.06 0.023979
0.06 0.0135565
0.06 0.0135565
0.06 0.00692586
0.06 0.00692586
0.06 0.0031775
0.06 0.0031775
0.06 0.00128883
0.06 0.00128883
0.06 0.000445921
0.06 0.000445921
0.06 0.000119202
0.06 0.000119202
0.061 -0.200512
0.061 -0.200512
0.061 -0.0507921
0.061 -0.0507921
0.061 0.0573855
0.061 0.0573855
0.061 0.118017
0.061 0.118017
0.061 0.136191
0.061 0.136191
0.061 0.12434
0.061 0.12434
0.061 0.0969977
0.061 0.0969977
0.061 0.0663865
0.061 0.0663865
0.061 0.040159
0.061 0.040159
0.061 0.0213622
0.061 0.0213622
0.061 0.00978438
0.061 0.00978438
0.061 0.00364381
0.061 0.00364381
0.061 0.00089875
0.061 0.00089875
0.061 -6.45711e-05
0.061 -6.45711e-05
0.061 -0.000259403
0.061 -0.000259403
0.061 -0.000206062
0.061 -0.000206062
0.062 -0.0805072
0.062 -0.0805072
0.062 0.0622717
0.062 0.0622717
0.062 0.154325
0.062 0.154325
0.062 0.190911
0.062 0.190911
0.062 0.181791
0.062 0.181791
0.062 0.145027
0.062 0.145027
0.062 0.0993022
0.062 0.0993022
0.062 0.0582527
0.062 0.0582527
0.062 0.0284459
0.062 0.0284459
0.062 0.0105105
0.062 0.0105105
0.062 0.0017484
0.062 0.0017484
0.062 -0.00139067
0.062 -0.00139067
0.062 -0.0018145
0.062 -0.0018145
0.062 -0.00131677
0.062 -0.00131677
0.062 -0.000739483
0.062 -0.000739483
0.062 -0.000344575
0.062 -0.000344575
0.063 0.0111694
0.063 0.0111694
0.063 0.145978
0.063 0.145978
0.063 0.220067
0.063 0.220067
0.063 0.231177
0.063 0.231177
0.063 0.19535
0.063 0.19535
0.063 0.137208
0.063 0.137208
0.063 0.0792216
0.063 0.0792216
0.063 0.0350218
0.063 0.0350218
0.063 0.00840387
0.063 0.00840387
0.063 -0.00360734
0.063 -0.00360734
0.063 -0.00654853
0.063 -0.00654853
0.063 -0.00540222
0.063 -0.00540222
0.063 -0.00330134
0.063 -0.00330134
0.063 -0.00161935
0.063 -0.00161935
0.063 -0.000637492
0.063 -0.000637492
0.063 -0.00018601
0.063 -0.00018601
0.064 0.0752917
0.064 0.0752917
0.064 0.20116
0.064 0.20116
0.064 0.255802
0.064 0.255802
0.064 0.241002
0.064 0.241002
0.064 0.18078
0.064 0.18078
0.064 0.106851
0.064 0.106851
0.064 0.0443636
0.064 0.0443636
0.064 0.00486085
0.064 0.00486085
0.064 -0.0125241
0.064 -0.0125241
0.064 -0.0152208
0.064 -0.0152208
0.064 -0.0113322
0.064 -0.0113322
0.064 -0.00636939
0.064 -0.00636939
0.064 -0.00275244
0.064 -0.00275244
0.064 -0.00082152
0.064 -0.00082152
0.064 -6.02384e-05
0.064 -6.02384e-05
0.064 0.000121999
0.064 0.000121999
0.065 0.116427
0.065 0.116427
0.065 0.232447
0.065 0.232447
0.065 0.26655
0.065 0.26655
0.065 0.226419
0.065 0.226419
0.065 0.145689
0.065 0.145689
0.065 0.0630797
0.065 0.0630797
0.065 0.00445672
0.065 0.00445672
0.065 -0.0233355
0.065 -0.0233355
0.065 -0.0275399
0.065 -0.0275399
0.065 -0.0201608
0.065 -0.0201608
0.065 -0.0107762
0.065 -0.0107762
0.065 -0.00402665
0.065 -0.00402665
0.065 -0.000630166
0.065 -0.000630166
0.065 0.000475926
0.065 0.000475926
0.065 0.000531928
0.065 0.000531928
0.065 0.000313406
0.065 0.000313406
0.066 0.140537
0.066 0.140537
0.066 0.245873
0.066 0.245873
0.066 0.258757
0.066 0.258757
0.066 0.194863
0.066 0.194863
0.066 0.0988359
0.066 0.0988359
0.066 0.0154888
0.066 0.0154888
0.066 -0.0314231
0.066 -0.0314231
0.066 -0.0425706
0.066 -0.0425706
0.066 -0.0326397
0.066 -0.0326397
0.066 -0.0172678
0.066 -0.0172678
0.066 -0.00560589
0.066 -0.00560589
0.066 0.000169904
0.066 0.000169904
0.066 0.00171525
0.066 0.00171525
0.066 0.00138143
0.066 0.00138143
0.066 0.000696499
0.066 0.000696499
0.066 0.000234918
0.066 0.000234918
0.067 0.153249
0.067 0.153249
0.067 0.247142
0.067 0.247142
0.067 0.238548
0.067 0.238548
0.067 0.153393
0.067 0.153393
0.067 0.048264
0.067 0.048264
0.067 -0.027807
0.067 -0.027807
0.067 -0.0567285
0.067 -0.0567285
0.067 -0.049252
0.067 -0.049252
0.067 -0.0274409
0.067 -0.0274409
0.067 -0.00841515
0.067 -0.00841515
0.067 0.00152422
0.067 0.00152422
0.067 0.00396394
0.067 0.00396394
0.067 0.00291621
0.067 0.00291621
0.067 0.00132812
0.067 0.00132812
0.067 0.000338339
0.067 0.000338339
0.067 -3.31941e-05
0.067 -3.31941e-05
0.068 0.15898
0.068 0.15898
0.068 0.240754
0.068 0.240754
0.068 0.210853
0.068 0.210853
0.068 0.107767
0.068 0.107767
0.068 0.000321811
0.068 0.000321811
0.068 -0.0611592
0.068 -0.0611592
0.068 -0.068219
0.068 -0.068219
0.068 -0.0434459
0.068 -0.0434459
0.068 -0.0147071
0.068 -0.0147071
0.068 0.0026019
0.068 0.0026019
0.068 0.00740976
0.068 0.00740976
0.068 0.00551557
0.068 0.00551557
0.068 0.00237779
0.068 0.00237779
0.068 0.000418538
0.068 0.000418538
0.068 -0.000245898
0.068 -0.000245898
0.068 -0.00025926
0.068 -0.00025926
0.069 0.160759
0.069 0.160759
0.069 0.229824
0.069 0.229824
0.069 0.179215
0.069 0.179215
0.069 0.0622318
0.069 0.0622318
0.069 -0.0405968
0.069 -0.0405968
0.069 -0.0815767
0.069 -0.0815767
0.069 -0.0658297
0.069 -0.0658297
0.069 -0.0281584
0.069 -0.0281584
0.069 0.00098238
0.069 0.00098238
0.069 0.0116888
0.069 0.0116888
0.069 0.00971614
0.069 0.00971614
0.069 0.00426275
0.069 0.00426275
0.069 0.000541395
0.069 0.000541395
0.069 -0.000699499
0.069 -0.000699499
0.069 -0.000615551
0.069 -0.000615551
0.069 -0.000261099
0.069 -0.000261099
0.07 0.160443
0.07 0.160443
0.07 0.216302
0.07 0.216302
0.07 0.145996
0.07 0.145996
0.07 0.0196928
0.07 0.0196928
0.07 -0.0718828
0.07 -0.0718828
0.07 -0.0884215
0.07 -0.0884215
0.07 -0.0519757
0.07 -0.0519757
0.07 -0.00809436
0.07 -0.00809436
0.07 0.0148314
0.07 0.0148314
0.07 0.0159131
0.07 0.0159131
0.07 0.00783653
0.07 0.00783653
0.07 0.00105436
0.07 0.00105436
0.07 -0.00146393
0.07 -0.00146393
0.07 -0.00129642
0.07 -0.00129642
0.07 -0.000517536
0.07 -0.000517536
0.07 -5.10661e-05
0.07 -5.10661e-05
0.071 0.159065
0.071 0.159065
0.071 0.201315
0.071 0.201315
0.071 0.112719
0.071 0.112719
0.071 -0.0179641
0.071 -0.0179641
0.071 -0.0923769
0.071 -0.0923769
0.071 -0.0828844
0.071 -0.0828844
0.071 -0.0306181
0.071 -0.0306181
0.071 0.0116824
0.071 0.0116824
0.071 0.0231875
0.071 0.0231875
0.071 0.0143391
0.071 0.0143391
0.071 0.00292869
0.071 0.00292869
0.071 -0.00240838
0.071 -0.00240838
0.071 -0.00251455
0.071 -0.00251455
0.071 -0.00103178
0.071 -0.00103178
0.071 -5.38736e-05
0.071 -5.38736e-05
0.071 0.000187979
0.071 0.000187979
0.072 0.157149
0.072 0.157149
0.072 0.185486
0.072 0.185486
0.072 0.0803696
0.072 0.0803696
0.072 -0.0495799
0.072 -0.0495799
0.072 -0.102028
0.072 -0.102028
0.072 -0.0674167
0.072 -0.0674167
0.072 -0.00632616
0.072 -0.00632616
0.072 0.0268833
0.072 0.0268833
0.072 0.0243553
0.072 0.0243553
0.072 0.00807453
0.072 0.00807453
0.072 -0.00275614
0.072 -0.00275614
0.072 -0.00446527
0.072 -0.00446527
0.072 -0.00210835
0.072 -0.00210835
0.072 -0.000134876
0.072 -0.000134876
0.072 0.000419429
0.072 0.000419429
0.072 0.000262127
0.072 0.000262127
0.073 0.154938
0.073 0.154938
0.073 0.169158
0.073 0.169158
0.073 0.0496239
0.073 0.0496239
0.073 -0.0745083
0.073 -0.0745083
0.073 -0.101607
0.073 -0.101607
0.073 -0.0452046
0.073 -0.0452046
0.073 0.016533
0.073 0.016533
0.073 0.0347554
0.073 0.0347554
0.073 0.0187682
0.073 0.0187682
0.073 -0.00034932
0.073 -0.00034932
0.073 -0.00688556
0.073 -0.00688556
0.073 -0.00426772
0.073 -0.00426772
0.073 -0.000579284
0.073 -0.000579284
0.073 0.00078747
0.073 0.00078747
0.073 0.000565251
0.073 0.000565251
0.073 0.000122314
0.073 0.000122314
0.074 0.15254
0.074 0.15254
0.074 0.15254
0.074 0.15254
0.074 0.0209777
0.074 0.0209777
0.074 -0.0924809
0.074 -0.0924809
0.074 -0.0924809
0.074 -0.0924809
0.074 -0.0197107
0.074 -0.0197107
0.074 0.03441
0.074 0.03441
0.074 0.03441
0.074 0.03441
0.074 0.00859391
0.074 0.00859391
0.074 -0.00796401
0.074 -0.00796401
0.074 -0.00796401
0.074 -0.00796401
0.074 -0.00208989
0.074 -0.00208989
0.074 0.00115922
0.074 0.00115922
0.074 0.00115922
0.074 0.00115922
0.074 0.00030196
0.074 0.00030196
0.074 -0.00010696
0.074 -0.00010696
0.075 0.149997
0.075 0.149997
0.075 0.135777
0.075 0.135777
0.075 -0.00518305
0.075 -0.00518305
0.075 -0.103529
0.075 -0.103529
0.075 -0.0764307
0.075 -0.0764307
0.075 0.00571095
0.075 0.00571095
0.075 0.0449704
0.075 0.0449704
0.075 0.0267481
0.075 0.0267481
0.075 -0.00303489
0.075 -0.00303489
0.075 -0.0123593
0.075 -0.0123593
0.075 -0.00582311
0.075 -0.00582311
0.075 0.000904805
0.075 0.000904805
0.075 0.00215466
0.075 0.00215466
0.075 0.000787906
0.075 0.000787906
0.075 -0.00015858
0.075 -0.00015858
0.075 -0.000238379
0.075 -0.000238379
0.076 0.147327
0.076 0.147327
0.076 0.11899
0.076 0.11899
0.076 -0.0285507
0.076 -0.0285507
0.076 -0.107937
0.076 -0.107937
0.076 -0.0554888
0.076 -0.0554888
0.076 0.0281269
0.076 0.0281269
0.076 0.0472701
0.076 0.0472701
0.076 0.0140606
0.076 0.0140606
0.076 -0.0129265
0.076 -0.0129265
0.076 -0.0123854
0.076 -0.0123854
0.076 -0.00155473
0.076 -0.00155473
0.076 0.00327528
0.076 0.00327528
0.076 0.00192582
0.076 0.00192582
0.076 -4.76499e-05
0.076 -4.76499e-05
0.076 -0.000480743
0.076 -0.000480743
0.076 -0.000173833
0.076 -0.000173833
0.077 0.144536
0.077 0.144536
0.077 0.102286
0.077 0.102286
0.077 -0.0488848
0.077 -0.0488848
0.077 -0.106205
0.077 -0.106205
0.077 -0.0317922
0.077 -0.0317922
0.077 0.0452584
0.077 0.0452584
0.077 0.0417228
0.077 0.0417228
0.077 -0.000577693
0.077 -0.000577693
0.077 -0.018641
0.077 -0.018641
0.077 -0.00838713
0.077 -0.00838713
0.077 0.00302326
0.077 0.00302326
0.077 0.00397992
0.077 0.00397992
0.077 0.000679035
0.077 0.000679035
0.077 -0.000803733
0.077 -0.000803733
0.077 -0.000447686
0.077 -0.000447686
0.077 2.44462e-05
0.077 2.44462e-05
0.078 0.141628
0.078 0.141628
0.078 0.0857697
0.078 0.0857697
0.078 -0.0660087
0.078 -0.0660087
0.078 -0.0990205
0.078 -0.0990205
0.078 -0.00744488
0.078 -0.00744488
0.078 0.0556324
0.078 0.0556324
0.078 0.0298913
0.078 0.0298913
0.078 -0.01399
0.078 -0.01399
0.078 -0.0190279
0.078 -0.0190279
0.078 -0.00195566
0.078 -0.00195566
0.078 0.00612092
0.078 0.00612092
0.078 0.00281295
0.078 0.00281295
0.078 -0.000854583
0.078 -0.000854583
0.078 -0.0010221
0.078 -0.0010221
0.078 -0.000103601
0.078 -0.000103601
0.078 0.000193031
0.078 0.000193031
0.079 0.138607
0.079 0.138607
0.079 0.0695425
0.079 0.0695425
0.079 -0.0798092
0.079 -0.0798092
0.079 -0.0872211
0.079 -0.0872211
0.079 0.0156074
0.079 0.0156074
0.079 0.0586468
0.079 0.0586468
0.079 0.0141459
0.079 0.0141459
0.079 -0.0235255
0.079 -0.0235255
0.079 -0.014394
0.079 -0.014394
0.079 0.00467759
0.079 0.00467759
0.079 0.00665023
0.079 0.00665023
0.079 0.000430586
0.079 0.000430586
0.079 -0.00184279
0.079 -0.00184279
0.079 -0.000601893
0.079 -0.000601893
0.079 0.00029425
0.079 0.00029425
0.079 0.000201313
0.079 0.000201313
0.08 0.135475
0.08 0.135475
0.08 0.053702
0.08 0.053702
0.08 -0.0902373
0.08 -0.0902373
0.08 -0.0717594
0.08 -0.0717594
0.08 0.0356863
0.08 0.0356863
0.08 0.0545498
0.08 0.0545498
0.08 -0.0027544
0.08 -0.0027544
0.08 -0.0275275
0.08 -0.0275275
0.08 -0.00630016
0.08 -0.00630016
0.08 0.00938739
0.08 0.00938739
0.08 0.00457952
0.08 0.00457952
0.08 -0.00200799
0.08 -0.00200799
0.08 -0.00179574
0.08 -0.00179574
0.08 0.000163517
0.08 0.000163517
0.08 0.00046674
0.08 0.00046674
0.08 5.13034e-05
0.08 5.13034e-05
0.081 0.132235
0.081 0.132235
0.081 0.0383421
0.081 0.0383421
0.081 -0.097307
0.081 -0.097307
0.081 -0.0536621
0.081 -0.0536621
0.081 0.0514667
0.081 0.0514667
0.081 0.0443406
0.081 0.0443406
0.081 -0.0180963
0.081 -0.0180963
0.081 -0.0255728
0.081 -0.0255728
0.081 0.00293031
0.081 0.00293031
0.081 0.0108056
0.081 0.0108056
0.081 0.000866259
0.081 0.000866259
0.081 -0.00339486
0.081 -0.00339486
0.081 -0.000798884
0.081 -0.000798884
0.081 0.000789214
0.081 0.000789214
0.081 0.000306456
0.081 0.000306456
0.081 -0.000131674
0.081 -0.000131674
0.082 0.128889
0.082 0.128889
0.082 0.0235527
0.082 0.0235527
0.082 -0.101094
0.082 -0.101094
0.082 -0.0339898
0.082 -0.0339898
0.082 0.0620377
0.082 0.0620377
0.082 0.0296073
0.082 0.0296073
0.082 -0.0296049
0.082 -0.0296049
0.082 -0.0184575
0.082 -0.0184575
0.082 0.0108493
0.082 0.0108493
0.082 0.00868942
0.082 0.00868942
0.082 -0.00297244
0.082 -0.00297244
0.082 -0.00316439
0.082 -0.00316439
0.082 0.000568962
0.082 0.000568962
0.082 0.000902781
0.082 0.000902781
0.082 -5.8588e-05
0.082 -5.8588e-05
0.082 -0.000203228
0.082 -0.000203228
0.083 0.125439
0.083 0.125439
0.083 0.0094191
0.083 0.0094191
0.083 -0.101734
0.083 -0.101734
0.083 -0.0137951
0.083 -0.0137951
0.083 0.0669341
0.083 0.0669341
0.083 0.0123173
0.083 0.0123173
0.083 -0.0357442
0.083 -0.0357442
0.083 -0.00795199
0.083 -0.00795199
0.083 0.0155038
0.083 0.0155038
0.083 0.00391836
0.083 0.00391836
0.083 -0.0054662
0.083 -0.0054662
0.083 -0.00151047
0.083 -0.00151047
0.083 0.00156785
0.083 0.00156785
0.083 0.000461754
0.083 0.000461754
0.083 -0.000366129
0.083 -0.000366129
0.083 -0.000112897
0.083 -0.000112897
0.084 0.121889
0.084 0.121889
0.084 -0.00397907
0.084 -0.00397907
0.084 -0.0994152
0.084 -0.0994152
0.084 0.00591693
0.084 0.00591693
0.084 0.066138
0.084 0.066138
0.084 -0.00541399
0.084 -0.00541399
0.084 -0.0358916
0.084 -0.0358916
0.084 0.00361113
0.084 0.00361113
0.084 0.0158898
0.084 0.0158898
0.084 -0.00185089
0.084 -0.00185089
0.084 -0.00573942
0.084 -0.00573942
0.084 0.000746114
0.084 0.000746114
0.084 0.00169147
0.084 0.00169147
0.084 -0.000239448
0.084 -0.000239448
0.084 -0.000406738
0.084 -0.000406738
0.084 6.16174e-05
0.084 6.16174e-05
0.085 0.118241
0.085 0.118241
0.085 -0.016568
0.085 -0.016568
0.085 -0.0943797
0.085 -0.0943797
0.085 0.0242253
0.085 0.0242253
0.085 0.060052
0.085 0.060052
0.085 -0.0215558
0.085 -0.0215558
0.085 -0.0303699
0.085 -0.0303699
0.085 0.0138299
0.085 0.0138299
0.085 0.0121434
0.085 0.0121434
0.085 -0.00674488
0.085 -0.00674488
0.085 -0.0038037
0.085 -0.0038037
0.085 0.00255908
0.085 0.00255908
0.085 0.000917607
0.085 0.000917607
0.085 -0.000764379
0.085 -0.000764379
0.085 -0.000164563
0.085 -0.000164563
0.085 0.000180919
0.085 0.000180919
0.086 0.114499
0.086 0.114499
0.086 -0.0282803
0.086 -0.0282803
0.086 -0.0869119
0.086 -0.0869119
0.086 0.0403258
0.086 0.0403258
0.086 0.0494461
0.086 0.0494461
0.086 -0.0343714
0.086 -0.0343714
0.086 -0.0203422
0.086 -0.0203422
0.086 0.0207073
0.086 0.0207073
0.086 0.0054386
0.086 0.0054386
0.086 -0.00926555
0.086 -0.00926555
0.086 -0.000503417
0.086 -0.000503417
0.086 0.00313426
0.086 0.00313426
0.086 -0.000305966
0.086 -0.000305966
0.086 -0.000803687
0.086 -0.000803687
0.086 0.000181337
0.086 0.000181337
0.086 0.000154623
0.086 0.000154623
0.087 0.110664
0.087 0.110664
0.087 -0.0390556
0.087 -0.0390556
0.087 -0.0773349
0.087 -0.0773349
0.087 0.0535576
0.087 0.0535576
0.087 0.0353829
0.087 0.0353829
0.087 -0.0425855
0.087 -0.0425855
0.087 -0.00759087
0.087 -0.00759087
0.087 0.0230203
0.087 0.0230203
0.087 -0.00236365
0.087 -0.00236365
0.087 -0.00873309
0.087 -0.00873309
0.087 0.00284475
0.087 0.00284475
0.087 0.00226952
0.087 0.00226952
0.087 -0.00131777
0.087 -0.00131777
0.087 -0.000354452
0.087 -0.000354452
0.087 0.00038862
0.087 0.00038862
0.087 8.98901e-06
0.087 8.98901e-06
0.088 0.106742
0.088 0.106742
0.088 -0.0488409
0.088 -0.0488409
0.088 -0.0660026
0.088 -0.0660026
0.088 0.063424
0.088 0.063424
0.088 0.0191271
0.088 0.0191271
0.088 -0.0454959
0.088 -0.0454959
0.088 0.00577994
0.088 0.00577994
0.088 0.0205179
0.088 0.0205179
0.088 -0.0092173
0.088 -0.0092173
0.088 -0.00545411
0.088 -0.00545411
0.088 0.00496846
0.088 0.00496846
0.088 0.000415597
0.088 0.000415597
0.088 -0.00159648
0.088 -0.00159648
0.088 0.000292191
0.088 0.000292191
0.088 0.000320203
0.088 0.000320203
0.088 -0.000138379
0.088 -0.000138379
0.089 0.102733
0.089 0.102733
0.089 -0.0575906
0.089 -0.0575906
0.089 -0.0532916
0.089 -0.0532916
0.089 0.0696054
0.089 0.0696054
0.089 0.00204503
0.089 0.00204503
0.089 -0.0430194
0.089 -0.0430194
0.089 0.0176741
0.089 0.0176741
0.089 0.0139223
0.089 0.0139223
0.089 -0.0134122
0.089 -0.0134122
0.089 -0.000578684
0.089 -0.000578684
0.089 0.00511388
0.089 0.00511388
0.089 -0.00155452
0.089 -0.00155452
0.089 -0.00102536
0.089 -0.00102536
0.089 0.00073839
0.089 0.00073839
0.089 3.35069e-05
0.089 3.35069e-05
0.089 -0.000173083
0.089 -0.000173083
0.09 0.0986426
0.09 0.0986426
0.09 -0.0652675
0.09 -0.0652675
0.09 -0.0395937
0.09 -0.0395937
0.09 0.0719657
0.09 0.0719657
0.09 -0.0144982
0.09 -0.0144982
0.09 -0.0356714
0.09 -0.0356714
0.09 0.0263157
0.09 0.0263157
0.09 0.00474023
0.09 0.00474023
0.09 -0.0139869
0.09 -0.0139869
0.09 0.00429448
0.09 0.00429448
0.09 0.00330459
0.09 0.00330459
0.09 -0.00275199
0.09 -0.00275199
0.09 6.4338e-05
0.09 6.4338e-05
0.09 0.000722373
0.09 0.000722373
0.09 -0.000266611
0.09 -0.000266611
0.09 -7.21192e-05
0.09 -7.21192e-05
0.091 0.094473
0.091 0.094473
0.091 -0.0718424
0.091 -0.0718424
0.091 -0.0253072
0.091 -0.0253072
0.091 0.0705501
0.091 0.0705501
0.091 -0.0292375
0.091 -0.0292375
0.091 -0.0244836
0.091 -0.0244836
0.091 0.0304997
0.091 0.0304997
0.091 -0.00506887
0.091 -0.00506887
0.091 -0.0109362
0.091 -0.0109362
0.091 0.00763265
0.091 0.00763265
0.091 0.000299829
0.091 0.000299829
0.091 -0.00266782
0.091 -0.00266782
0.091 0.00108355
0.091 0.00108355
0.091 0.000269936
0.091 0.000269936
0.091 -0.000373469
0.091 -0.000373469
0.091 8.17449e-05
0.091 8.17449e-05
0.092 0.0902277
0.092 0.0902277
0.092 -0.0772947
0.092 -0.0772947
0.092 -0.0108283
0.092 -0.0108283
0.092 0.0655766
0.092 0.0655766
0.092 -0.0410949
0.092 -0.0410949
0.092 -0.0108711
0.092 -0.0108711
0.092 0.0297486
0.092 0.0297486
0.092 -0.0134981
0.092 -0.0134981
0.092 -0.00517332
0.092 -0.00517332
0.092 0.00844149
0.092 0.00844149
0.092 -0.00271926
0.092 -0.00271926
0.092 -0.00138422
0.092 -0.00138422
0.092 0.00150112
0.092 0.00150112
0.092 -0.000331691
0.092 -0.000331691
0.092 -0.000219866
0.092 -0.000219866
0.092 0.000167558
0.092 0.000167558
0.093 0.0859101
0.093 0.0859101
0.093 -0.0816123
0.093 -0.0816123
0.093 0.00345638
0.093 0.00345638
0.093 0.0574198
0.093 0.0574198
0.093 -0.0492517
0.093 -0.0492517
0.093 0.00353621
0.093 0.00353621
0.093 0.0243552
0.093 0.0243552
0.093 -0.0188915
0.093 -0.0188915
0.093 0.00173504
0.093 0.00173504
0.093 0.00655271
0.093 0.00655271
0.093 -0.00460803
0.093 -0.00460803
0.093 0.000483669
0.093 0.000483669
0.093 0.00111772
0.093 0.00111772
0.093 -0.000715099
0.093 -0.000715099
0.093 8.07588e-05
0.093 8.07588e-05
0.093 0.000120802
0.093 0.000120802
0.094 0.0815237
0.094 0.0815237
0.094 -0.0847917
0.094 -0.0847917
0.094 0.0171785
0.094 0.0171785
0.094 0.0465893
0.094 0.0465893
0.094 -0.0531982
0.094 -0.0531982
0.094 0.0170784
0.094 0.0170784
0.094 0.0153099
0.094 0.0153099
0.094 -0.0202587
0.094 -0.0202587
0.094 0.00798606
0.094 0.00798606
0.094 0.00264671
0.094 0.00264671
0.094 -0.00468612
0.094 -0.00468612
0.094 0.00207976
0.094 0.00207976
0.094 0.000158098
0.094 0.000158098
0.094 -0.000655511
0.094 -0.000655511
0.094 0.000317661
0.094 0.000317661
0.094 -1.85742e-05
0.094 -1.85742e-05
0.095 0.077072
0.095 0.077072
0.095 -0.0868381
0.095 -0.0868381
0.095 0.0299951
0.095 0.0299951
0.095 0.0337025
0.095 0.0337025
0.095 -0.0527614
0.095 -0.0527614
0.095 0.0282472
0.095 0.0282472
0.095 0.004128
0.095 0.004128
0.095 -0.0174475
0.095 -0.0174475
0.095 0.0120019
0.095 0.0120019
0.095 -0.00198731
0.095 -0.00198731
0.095 -0.00297719
0.095 -0.00297719
0.095 0.00269565
0.095 0.00269565
0.095 -0.000859119
0.095 -0.000859119
0.095 -0.000201084
0.095 -0.000201084
0.095 0.000329791
0.095 0.000329791
0.095 -0.000140074
0.095 -0.000140074
0.096 0.0725586
0.096 0.0725586
0.096 -0.0877652
0.096 -0.0877652
0.096 0.041595
0.096 0.041595
0.096 0.0194541
0.096 0.0194541
0.096 -0.0481062
0.096 -0.0481062
0.096 0.0358457
0.096 0.0358457
0.096 -0.00739575
0.096 -0.00739575
0.096 -0.0111475
0.096 -0.0111475
0.096 0.0128195
0.096 0.0128195
0.096 -0.00587083
0.096 -0.00587083
0.096 -0.000178273
0.096 -0.000178273
0.096 0.00208136
0.096 0.00208136
0.096 -0.00139984
0.096 -0.00139984
0.096 0.000363916
0.096 0.000363916
0.096 0.000114489
0.096 0.000114489
0.096 -0.00014992
0.096 -0.00014992
0.097 0.0679871
0.097 0.0679871
0.097 -0.0875953
0.097 -0.0875953
0.097 0.0517058
0.097 0.0517058
0.097 0.00458275
0.097 0.00458275
0.097 -0.0397142
0.097 -0.0397142
0.097 0.0391096
0.097 0.0391096
0.097 -0.0174661
0.097 -0.0174661
0.097 -0.00272806
0.097 -0.00272806
0.097 0.0103144
0.097 0.0103144
0.097 -0.0078012
0.097 -0.0078012
0.097 0.00262137
0.097 0.00262137
0.097 0.000543625
0.097 0.000543625
0.097 -0.00119266
0.097 -0.00119266
0.097 0.000696011
0.097 0.000696011
0.097 -0.00017491
0.097 -0.00017491
0.097 -4.30477e-05
0.097 -4.30477e-05
0.098 0.0633611
0.098 0.0633611
0.098 -0.0863589
0.098 -0.0863589
0.098 0.0600981
0.098 0.0600981
0.098 -0.0101635
0.098 -0.0101635
0.098 -0.0283383
0.098 -0.0283383
0.098 0.0377787
0.098 0.0377787
0.098 -0.0245582
0.098 -0.0245582
0.098 0.00605297
0.098 0.00605297
0.098 0.00520938
0.098 0.00520938
0.098 -0.00721798
0.098 -0.00721798
0.098 0.00435985
0.098 0.00435985
0.098 -0.00120549
0.098 -0.00120549
0.098 -0.000363256
0.098 -0.000363256
0.098 0.000600065
0.098 0.000600065
0.098 -0.000337839
0.098 -0.000337839
0.098 9.51334e-05
0.098 9.51334e-05
0.099 0.0586844
0.099 0.0586844
0.099 -0.0840945
0.099 -0.0840945
0.099 0.0665903
0.099 0.0665903
0.099 -0.0240611
0.099 -0.0240611
0.099 -0.0149408
0.099 -0.0149408
0.099 0.0321126
0.099 0.0321126
0.099 -0.0276414
0.099 -0.0276414
0.099 0.0134081
0.099 0.0134081
0.099 -0.00112998
0.099 -0.00112998
0.099 -0.00436118
0.099 -0.00436118
0.099 0.00440095
0.099 0.00440095
0.099 -0.00237578
0.099 -0.00237578
0.099 0.000640609
0.099 0.000640609
0.099 0.000142888
0.099 0.000142888
0.099 -0.000264843
0.099 -0.000264843
0.099 0.000156779
0.099 0.000156779
0.1 0.0539606
0.1 0.0539606
0.1 -0.0808484
0.1 -0.0808484
0.1 0.0710516
0.1 0.0710516
0.1 -0.0364429
0.1 -0.0364429
0.1 -0.000616238
0.1 -0.000616238
0.1 0.0228496
0.1 0.0228496
0.1 -0.0263231
0.1 -0.0263231
0.1 0.0178767
0.1 0.0178767
0.1 -0.00705473
0.1 -0.00705473
0.1 -0.000177681
0.1 -0.000177681
0.1 0.0027635
0.1 0.0027635
0.1 -0.00245297
0.1 -0.00245297
0.1 0.00128939
0.1 0.00128939
0.1 -0.000392598
0.1 -0.000392598
0.1 -1.0556e-05
0.1 -1.0556e-05
0.1 9.54442e-05
0.1 9.54442e-05
0.101 0.0491937
0.101 0.0491937
0.101 -0.0766742
0.101 -0.0766742
0.101 0.0734042
0.101 0.0734042
0.101 -0.0467281
0.101 -0.0467281
0.101 0.013493
0.101 0.013493
0.101 0.0111151
0.101 0.0111151
0.101 -0.0208942
0.101 -0.0208942
0.101 0.0186085
0.101 0.0186085
0.101 -0.0110552
0.101 -0.0110552
0.101 0.00398892
0.101 0.00398892
0.101 0.00010039
0.101 0.00010039
0.101 -0.0014223
0.101 -0.0014223
0.101 0.00124929
0.101 0.00124929
0.101 -0.000681632
0.101 -0.000681632
0.101 0.000246939
0.101 0.000246939
0.101 -3.91781e-05
0.101 -3.91781e-05
0.102 0.0443873
0.102 0.0443873
0.102 -0.0716325
0.102 -0.0716325
0.102 0.0736238
0.102 0.0736238
0.102 -0.0544464
0.102 -0.0544464
0.102 0.0262828
0.102 0.0262828
0.102 -0.00171013
0.102 -0.00171013
0.102 -0.0122715
0.102 -0.0122715
0.102 0.0155207
0.102 0.0155207
0.102 -0.0121395
0.102 -0.0121395
0.102 0.00682509
0.102 0.00682509
0.102 -0.00255947
0.102 -0.00255947
0.102 0.000234391
0.102 0.000234391
0.102 0.000552561
0.102 0.000552561
0.102 -0.000553531
0.102 -0.000553531
0.102 0.000330355
0.102 0.000330355
0.102 -0.000141399
0.102 -0.000141399
0.103 0.0395454
0.103 0.0395454
0.103 -0.0657905
0.103 -0.0657905
0.103 0.0717397
0.103 0.0717397
0.103 -0.0592578
0.103 -0.0592578
0.103 0.0367697
0.103 0.0367697
0.103 -0.014147
0.103 -0.014147
0.103 -0.00184676
0.103 -0.00184676
0.103 0.00930066
0.103 0.00930066
0.103 -0.0100753
0.103 -0.0100753
0.103 0.00745658
0.103 0.00745658
0.103 -0.00420528
0.103 -0.00420528
0.103 0.00176246
0.103 0.00176246
0.103 -0.000425549
0.103 -0.000425549
0.103 -9.17292e-05
0.103 -9.17292e-05
0.103 0.000184706
0.103 0.000184706
0.103 -0.000132235
0.103 -0.000132235
0.104 0.0346718
0.104 0.0346718
0.104 -0.0592212
0.104 -0.0592212
0.104 0.0678333
0.104 0.0678333
0.104 -0.0609667
0.104 -0.0609667
0.104 0.0441621
0.104 0.0441621
0.104 -0.0247828
0.104 -0.0247828
0.104 0.00873258
0.104 0.00873258
0.104 0.00125604
0.104 0.00125604
0.104 -0.00543601
0.104 -0.00543601
0.104 0.00571438
0.104 0.00571438
0.104 -0.00422499
0.104 -0.00422499
0.104 0.00247584
0.104 0.00247584
0.104 -0.00116786
0.104 -0.00116786
0.104 0.000420239
0.104 0.000420239
0.104 -8.67801e-05
0.104 -8.67801e-05
0.104 -2.01833e-05
0.104 -2.01833e-05
0.105 0.0297704
0.105 0.0297704
0.105 -0.0520031
0.105 -0.0520031
0.105 0.0620354
0.105 0.0620354
0.105 -0.0595279
0.105 -0.0595279
0.105 0.0479177
0.105 0.0479177
0.105 -0.0324267
0.105 -0.0324267
0.105 0.0178176
0.105 0.0178176
0.105 -0.00695546
0.105 -0.00695546
0.105 0.000555957
0.105 0.000555957
0.105 0.0021774
0.105 0.0021774
0.105 -0.00263047
0.105 -0.00263047
0.105 0.00206285
0.105 0.00206285
0.105 -0.00128718
0.105 -0.00128718
0.105 0.000672072
0.105 0.000672072
0.105 -0.000295587
0.105 -0.000295587
0.105 0.000106488
0.105 0.000106488
0.106 0.0248452
0.106 0.0248452
0.106 -0.0442197
0.106 -0.0442197
0.106 0.054523
0.106 0.054523
0.106 -0.0550478
0.106 -0.0550478
0.106 0.0477808
0.106 0.0477808
0.106 -0.0362385
0.106 -0.0362385
0.106 0.0240094
0.106 0.0240094
0.106 -0.013662
0.106 -0.013662
0.106 0.00634727
0.106 0.00634727
0.106 -0.00201793
0.106 -0.00201793
0.106 -4.52837e-05
0.106 -4.52837e-05
0.106 0.000720967
0.106 0.000720967
0.106 -0.000727017
0.106 -0.000727017
0.106 0.000513877
0.106 0.000513877
0.106 -0.000298319
0.106 -0.000298319
0.106 0.00014907
0.106 0.00014907
0.107 0.0199001
0.107 0.0199001
0.107 -0.0359586
0.107 -0.0359586
0.107 0.0455142
0.107 0.0455142
0.107 -0.0477775
0.107 -0.0477775
0.107 0.0437981
0.107 0.0437981
0.107 -0.0358179
0.107 -0.0358179
0.107 0.026369
0.107 0.026369
0.107 -0.0175124
0.107 -0.0175124
0.107 0.0104513
0.107 0.0104513
0.107 -0.00553925
0.107 -0.00553925
0.107 0.00253732
0.107 0.00253732
0.107 -0.000936885
0.107 -0.000936885
0.107 0.000212364
0.107 0.000212364
0.107 4.48513e-05
0.107 4.48513e-05
0.107 -9.47621e-05
0.107 -9.47621e-05
0.107 7.50755e-05
0.107 7.50755e-05
0.108 0.014939
0.108 0.014939
0.108 -0.027311
0.108 -0.027311
0.108 0.035263
0.108 0.035263
0.108 -0.0380996
0.108 -0.0380996
0.108 0.0363133
0.108 0.0363133
0.108 -0.0312448
0.108 -0.0312448
0.108 0.0245571
0.108 0.0245571
0.108 -0.0177435
0.108 -0.0177435
0.108 0.0118249
0.108 0.0118249
0.108 -0.00727729
0.108 -0.00727729
0.108 0.0041331
0.108 0.0041331
0.108 -0.00216063
0.108 -0.00216063
0.108 0.00103409
0.108 0.00103409
0.108 -0.000448675
0.108 -0.000448675
0.108 0.000173185
0.108 0.000173185
0.108 -5.70943e-05
0.108 -5.70943e-05
0.109 0.009966
0.109 0.009966
0.109 -0.018371
0.109 -0.018371
0.109 0.0240533
0.109 0.0240533
0.109 -0.0265102
0.109 -0.0265102
0.109 0.0259378
0.109 0.0259378
0.109 -0.0230669
0.109 -0.0230669
0.109 0.0188805
0.109 0.0188805
0.109 -0.014329
0.109 -0.014329
0.109 0.0101301
0.109 0.0101301
0.109 -0.00669175
0.109 -0.00669175
0.109 0.00413893
0.109 0.00413893
0.109 -0.00240022
0.109 -0.00240022
0.109 0.00130617
0.109 0.00130617
0.109 -0.000667308
0.109 -0.000667308
0.109 0.000320091
0.109 0.000320091
0.109 -0.000144121
0.109 -0.000144121
0.11 0.004985
0.11 0.004985
0.11 -0.00923471
0.11 -0.00923471
0.11 0.0121916
0.11 0.0121916
0.11 -0.0135945
0.11 -0.0135945
0.11 0.0135038
0.11 0.0135038
0.11 -0.0122359
0.11 -0.0122359
0.11 0.0102422
0.11 0.0102422
0.11 -0.00798015
0.11 -0.00798015
0.11 0.00581566
0.11 0.00581566
0.11 -0.00397741
0.11 -0.00397741
0.11 0.00255883
0.11 0.00255883
0.11 -0.00155124
0.11 -0.00155124
0.11 0.000887338
0.11 0.000887338
0.11 -0.000479417
0.11 -0.000479417
0.11 0.000244851
0.11 0.000244851
0.11 -0.000118287
0.11 -0.000118287
